14
30
267
306
338
341
369
395
407
461
573
689
697
746
836
974
997
1009
1054
1126
1139
1171
1179
1520
1593
1730
1777
1804
1810
1814
1895
1910
1915
1922
1978
1986
2021
2073
2088
2138
2226
2283
2315
2323
2378
2399
2455
2470
2485
2511
2716
2780
2781
2841
2864
3038
3050
3345
3381
3472
3633
3635
3689
3697
3701
3704
3739
3806
3849
3973
4071
4075
4079
4165
4202
4224
4308
4340
4553
4600
4675
4785
4876
4879
4894
4900
4915
4978
5050
5105
5193
5341
5350
5362
5409
5553
5559
5574
5622
5704
5721
5794
5801
5868
5940
6014
6037
6054
6092
6301
6309
6381
6415
6466
6554
6894
6914
6914
6919
6944
6975
7027
7137
7207
7243
7250
7261
7271
7311
7457
7505
7511
7516
7641
7675
7786
7980
8045
8212
8243
8257
8326
8377
8463
8470
8552
8579
8698
8922
8944
8947
8970
9134
9167
9323
9343
9377
9405
9477
9502
9607
9619
9764
9767
9787
9896
9966
10004
10068
10344
10350
10386
10501
10561
10732
10794
10866
10936
10937
10988
10988
11001
11048
11175
11187
11208
11306
11337
11369
11382
11404
11466
11576
11677
11694
11793
11869
11926
11937
12011
12040
12050
12055
12058
12089
12113
12204
12251
12262
12320
12465
12469
12578
12578
12602
12755
12801
12953
13005
13009
13194
13200
13456
13476
13489
13489
13542
13576
13683
13724
13810
13828
13853
13894
14019
14071
14205
14286
14322
14437
14547
14742
14799
14800
14826
14834
14850
14857
14924
14931
14937
14944
14950
14994
15069
15212
15259
15301
15317
15397
15454
15534
15595
15668
15679
15706
15845
15924
15957
15962
16027
16121
16164
16221
16347
16381
16455
16591
16630
16635
16964
17072
17103
17200
17244
17274
17315
17323
17326
17347
17377
17443
17512
17563
17587
17685
17766
17797
17915
17996
18002
18110
18127
18132
18165
18175
18235
18276
18314
18327
18337
18352
18360
18550
18642
18686
18751
18756
18928
19040
19124
19130
19374
19560
19642
19718
19755
19963
20002
20067
20078
20095
20199
20226
20228
20407
20661
20666
20727
20738
20900
20925
20987
21093
21141
21530
21741
21840
21862
21878
21914
22064
22147
22210
22248
22256
22319
22336
22371
22492
22564
22588
22604
22661
22770
22786
22828
22883
22895
22941
22995
22999
23084
23094
23173
23270
23317
23531
23676
23684
23699
23870
23890
23904
23921
23949
23976
24068
24122
24259
24370
24375
24565
24576
24702
24743
24899
24974
25037
25075
25087
25100
25122
25255
25397
25399
25405
25418
25467
25561
25563
25585
25612
25642
25757
25809
25813
25897
25970
26090
26099
26246
26250
26252
26583
26628
26675
26749
26803
26853
26912
26957
27033
27052
27088
27099
27105
27262
27300
27317
27320
27394
27464
27558
27612
27722
27732
27769
27796
27801
27815
27854
27968
28139
28187
28305
28327
28362
28544
28595
28629
28637
28664
28717
28734
28811
28873
28874
29061
29094
29376
29477
29591
29827
29896
29944
29953
29956
29967
30144
30179
30210
30236
30334
30347
30360
30395
30397
30413
30420
30423
30475
30849
30861
30906
31127
31334
31336
31339
31690
31762
31861
32004
32205
32208
32233
32251
32338
32511
32606
32645
32716
