20
11551 8168 26862 22059 28728 3255 1910 13810 24582 19496 26584 22262 23487 19685 22815 15072 20990 10356 7888 9978 
40
882 11030 26930 2870 24019 4847 10221 23154 795 19048 27350 14330 20722 8658 17674 7758 31850 19532 26170 25382 5612 9190 24133 15540 2419 30982 16140 11305 28407 28939 4226 29050 16173 14385 19202 27748 16493 2740 19430 3758 
60
16371 22841 30805 17326 27467 3177 604 28942 24071 11231 1088 29904 14259 27716 26131 17552 19979 26808 16774 4617 20331 2932 14334 6363 27014 27054 28394 31116 18523 5821 9811 17868 357 12926 7604 8701 16146 14070 15117 8178 16503 18745 10291 14071 322 4490 23146 32018 7664 24259 14389 1417 18496 6392 20845 2212 24551 18263 23953 14516 
80
901 11602 29789 26708 11736 17153 13470 26095 13103 3265 19780 12419 13090 5666 7353 27044 21121 5120 23153 10435 20874 29167 32451 5040 21087 20189 23799 24670 25527 11506 9120 9191 9171 22715 14124 4815 4020 19336 6841 5773 21131 3346 23338 23623 10609 22625 12410 16606 12120 2029 18769 15914 9537 3332 29909 15751 2736 30315 7875 29584 6749 19016 20926 10538 32557 14143 13287 5573 21856 24796 12717 11998 19468 19249 19175 4296 31434 10688 13856 25773 
100
16303 5531 20017 26576 14718 28361 32278 30740 12827 27884 7930 18882 3395 8993 31892 10887 3963 31528 29622 30140 4422 27589 24355 7658 29339 28261 18082 28558 25238 30725 1104 28953 20334 31056 21562 1083 4775 10759 555 11361 11657 9126 10691 7805 10704 3909 15561 32261 29349 27324 17346 27454 14797 10506 3267 18106 15649 12792 15491 19999 62 1273 30132 30251 20093 853 2708 9717 6438 9606 27839 14198 1504 8162 20295 24903 16748 14971 12038 28076 27283 24644 13619 25298 10589 10613 10292 85 18052 25904 24243 13829 22312 26212 26868 30698 20676 6130 25702 4998 
