0 13 11
0 124 1
0 23 7
0 28 9
0 82 12
0 116 19
0 126 10
0 125 6
0 60 20
0 27 7
0 67 8
0 35 6
0 47 17
0 54 17
0 76 19
0 22 5
0 6 20
0 57 7
0 32 9
0 8 6
0 7 3
0 11 17
0 29 14
0 55 1
0 107 5
0 49 4
0 84 3
0 19 11
0 109 18
1 13 4
1 6 12
1 31 18
1 17 7
1 45 12
1 84 9
1 104 19
1 28 15
1 27 15
1 71 13
1 41 9
1 40 8
1 87 9
1 46 19
1 69 14
1 92 13
1 53 13
1 80 16
1 101 4
1 78 15
1 77 8
1 64 7
1 74 17
1 123 9
1 2 9
1 107 3
1 19 3
1 113 19
1 23 2
1 85 6
1 121 13
1 52 4
1 89 3
1 119 4
1 61 2
1 98 3
1 120 2
1 93 11
1 116 8
1 56 15
1 68 17
1 125 2
1 54 14
1 49 9
1 72 10
1 127 16
1 8 18
1 110 12
1 67 17
1 75 19
1 10 6
1 111 13
1 88 4
1 55 10
2 125 19
2 6 17
2 0 18
2 79 15
2 10 19
2 82 13
2 45 12
2 93 3
2 77 13
2 8 18
2 95 6
2 25 15
2 111 1
2 36 15
2 104 11
2 119 3
2 16 11
2 53 18
2 81 1
2 92 9
2 28 5
2 88 4
2 18 13
2 52 12
2 107 17
2 94 15
2 48 17
2 116 16
2 106 6
2 12 7
2 68 6
2 4 8
2 17 5
2 89 12
2 75 20
2 3 14
2 83 19
2 20 3
2 34 11
2 64 13
2 67 8
2 103 9
2 19 4
2 44 20
2 29 14
2 58 11
2 78 10
2 46 1
2 100 11
2 120 12
2 63 15
2 97 4
2 32 4
2 31 18
2 72 4
2 118 8
2 41 1
2 85 17
2 66 11
2 13 3
2 22 4
2 71 10
2 102 20
3 3 8
3 112 3
3 67 9
3 23 10
3 48 14
3 105 17
3 11 6
3 80 19
3 42 13
3 126 2
3 44 9
3 90 17
3 118 3
3 33 9
3 66 5
3 22 17
3 31 1
3 111 8
3 116 10
3 76 15
3 9 13
3 81 14
3 57 6
3 86 4
3 73 6
3 95 11
3 120 1
3 78 12
3 87 5
3 91 11
3 53 16
3 49 10
3 27 14
3 110 10
3 115 10
3 16 14
3 113 17
3 103 11
3 5 2
3 89 14
3 26 14
3 45 4
3 70 15
3 79 15
3 47 8
3 108 13
3 121 9
3 19 11
3 83 3
3 46 15
4 112 19
4 35 18
4 44 12
4 118 7
4 32 19
4 27 8
4 99 13
4 113 13
4 89 3
4 47 5
4 25 7
4 96 8
4 20 5
4 116 2
4 24 12
4 4 14
4 124 10
4 58 16
4 69 19
4 110 14
4 63 7
4 98 20
4 77 6
4 48 16
4 125 6
4 0 2
4 95 20
5 82 9
5 116 13
5 48 11
5 81 12
5 62 3
5 120 13
5 15 14
5 49 10
5 64 12
5 21 18
5 89 18
5 22 9
5 117 5
5 70 20
5 115 4
5 87 12
5 38 5
6 85 8
6 92 16
6 70 6
6 18 12
6 44 3
6 20 18
6 125 18
6 37 11
6 59 2
6 1 10
6 26 14
6 30 18
6 101 17
6 50 3
6 102 18
6 65 14
6 40 19
6 112 7
6 31 19
6 121 19
6 124 16
6 78 18
6 19 8
6 8 10
6 48 14
6 106 5
6 35 17
6 86 7
6 122 11
6 39 9
6 62 19
7 65 9
7 9 18
7 13 16
7 29 17
7 37 18
7 95 7
7 51 15
7 113 10
7 15 2
7 5 10
7 86 14
7 31 1
7 50 10
7 20 6
7 73 20
7 61 14
7 3 17
7 59 13
7 36 11
7 19 15
7 118 9
7 1 19
7 74 6
7 110 8
7 17 9
7 24 19
7 103 18
7 54 14
7 115 18
7 109 11
7 14 17
7 81 4
7 79 17
7 42 17
7 111 9
7 28 2
7 94 8
7 53 11
7 7 17
7 88 2
7 11 11
7 123 5
7 112 11
7 44 15
7 92 2
7 75 7
7 4 8
7 83 9
7 97 7
7 70 16
7 126 10
7 32 19
7 22 17
7 18 19
7 78 2
7 104 5
7 33 13
7 117 18
7 52 8
7 91 6
7 23 20
7 80 17
7 71 16
8 32 6
8 13 8
8 55 20
8 19 16
8 91 18
8 77 20
8 96 5
8 64 18
8 17 12
8 62 1
8 105 10
8 102 19
8 82 16
8 90 12
8 60 8
8 36 5
8 115 11
8 66 10
8 120 1
8 4 18
8 6 17
8 25 3
8 54 12
8 49 9
8 20 12
8 113 2
8 74 19
9 38 17
9 42 4
9 98 13
9 65 5
9 125 6
9 124 4
9 67 2
9 49 4
9 83 13
9 16 5
9 0 17
9 41 11
9 119 8
9 46 3
9 34 7
9 122 20
9 77 6
9 89 9
9 105 1
9 29 5
9 45 15
9 107 18
9 44 17
9 126 14
9 37 7
9 51 2
9 13 2
9 4 10
9 78 20
9 87 4
9 12 16
9 118 1
9 3 12
9 116 18
9 112 14
9 123 18
9 55 19
9 101 19
9 120 1
9 22 16
9 14 8
9 102 7
9 111 14
10 55 1
10 54 1
10 28 9
10 1 16
10 102 2
10 27 6
10 81 2
10 64 15
10 16 7
10 93 16
10 18 8
10 114 4
10 4 3
10 59 6
10 23 11
10 15 15
10 3 9
10 8 19
10 76 18
10 100 14
10 67 6
10 43 13
11 91 11
11 24 5
11 95 1
11 98 7
11 72 8
11 84 19
11 127 2
11 63 20
11 4 5
11 61 5
11 96 15
11 69 3
11 109 9
11 108 3
11 97 3
11 37 8
11 62 18
11 60 8
11 122 1
11 53 4
11 121 8
12 77 4
12 16 20
12 80 1
12 106 3
12 98 18
12 105 19
12 5 20
12 85 12
12 99 8
12 63 18
12 53 12
12 44 12
12 97 17
12 15 19
12 18 18
12 37 3
12 127 17
12 0 6
12 34 17
12 64 16
12 95 7
12 114 13
12 24 17
12 88 5
12 59 6
12 9 1
12 76 17
12 100 7
12 32 2
12 39 17
12 51 20
12 123 12
12 55 5
12 79 10
12 4 5
12 38 14
12 13 13
12 65 10
12 122 17
12 118 12
12 82 10
12 11 2
12 12 10
12 109 14
12 31 18
12 33 1
12 89 9
12 60 4
12 22 15
12 116 13
12 49 15
12 69 15
12 81 4
12 87 1
12 56 13
12 86 16
12 42 6
12 3 18
12 23 16
12 73 4
13 81 5
13 22 13
13 126 16
13 123 11
13 61 4
13 57 15
13 3 1
13 8 12
13 108 7
13 110 1
13 78 2
13 13 12
13 125 17
13 120 13
13 62 5
13 69 20
13 127 17
13 100 4
13 80 8
13 101 10
13 65 12
13 119 4
13 12 7
13 98 11
13 83 16
13 34 7
13 42 17
14 31 6
14 73 18
14 120 7
14 109 7
14 49 12
14 125 15
14 85 8
14 0 10
14 72 15
14 33 7
14 45 15
14 51 1
14 6 12
14 114 6
14 29 7
14 52 13
14 76 9
15 24 10
15 5 9
15 107 4
16 92 18
16 51 9
16 69 20
16 43 14
16 20 12
16 21 9
16 4 12
16 39 2
16 49 2
16 107 20
16 86 14
16 18 3
16 54 12
16 102 17
16 76 14
16 123 7
16 108 5
16 111 12
16 23 14
16 85 8
16 27 8
16 9 4
16 99 3
16 105 11
16 74 2
16 66 3
16 45 7
16 68 1
16 5 3
16 103 1
16 90 4
16 93 6
16 101 9
16 79 2
16 60 15
16 35 8
16 50 7
16 100 4
16 109 8
16 15 6
16 44 7
16 117 13
16 22 14
16 11 3
16 81 10
16 82 16
16 53 12
16 112 20
16 62 15
16 28 15
16 41 13
16 40 18
16 80 15
16 73 1
16 16 15
16 55 5
16 71 8
17 118 11
17 41 12
17 97 3
17 77 15
17 32 15
17 100 5
17 58 5
17 64 16
17 33 11
17 20 6
17 81 12
17 78 12
17 62 3
17 38 2
17 10 20
17 119 20
17 124 11
17 28 3
17 122 10
17 86 10
17 3 20
18 124 6
18 14 4
18 89 11
18 81 1
18 19 18
18 74 17
18 54 19
18 59 17
18 76 20
18 32 17
18 9 11
18 104 3
18 119 11
18 112 3
18 68 9
18 109 20
18 97 5
18 86 16
18 18 6
18 63 19
18 39 1
18 64 11
18 31 7
18 47 12
18 122 20
18 37 19
18 114 15
18 51 15
18 107 8
18 67 4
18 126 15
18 110 4
18 36 5
18 88 19
18 8 5
18 3 2
18 23 2
18 15 1
18 79 6
18 70 7
18 61 14
18 50 3
18 44 16
18 4 6
18 27 20
18 100 6
18 98 13
18 22 19
18 57 15
18 5 17
18 83 11
18 99 12
18 84 9
18 69 6
18 66 17
18 16 14
18 60 1
19 109 2
19 56 7
19 49 6
19 48 14
19 93 18
19 84 2
19 95 10
19 23 5
19 102 20
19 66 4
19 24 16
19 67 14
19 4 12
19 72 11
20 111 14
20 109 3
20 6 11
20 4 4
20 3 10
20 39 8
20 117 7
20 120 18
20 31 13
20 45 7
20 47 3
20 103 9
20 78 14
20 41 10
20 42 12
20 98 1
20 84 9
20 53 13
20 28 15
20 36 19
20 34 17
20 5 11
20 102 3
20 9 7
20 100 9
20 58 11
20 35 10
20 89 11
20 110 5
20 23 6
20 8 5
20 116 3
20 75 9
20 118 8
20 27 17
20 26 5
20 121 5
20 57 10
20 51 7
20 64 5
20 22 1
20 72 14
20 33 5
20 38 7
20 59 14
20 17 7
20 32 9
20 107 8
20 126 14
20 97 16
21 106 20
21 82 5
21 30 11
21 63 17
21 46 2
21 98 13
21 119 6
21 96 4
21 100 7
21 48 20
21 64 3
21 124 19
21 76 3
21 13 10
21 27 4
21 34 9
21 71 8
21 0 20
21 74 12
21 125 16
21 4 20
21 95 2
21 86 10
21 108 3
21 69 6
21 109 6
21 94 19
21 93 14
21 23 7
21 75 18
21 81 2
21 43 11
21 36 4
21 114 6
21 83 6
21 20 5
21 53 16
21 60 20
21 104 16
21 107 8
21 10 3
21 127 7
21 22 3
21 68 14
21 11 6
21 28 9
21 102 19
21 58 2
21 56 3
21 118 8
21 88 17
21 9 20
21 65 4
21 120 7
21 79 5
21 73 13
21 121 18
21 77 11
21 29 2
21 19 5
21 70 17
21 112 2
22 127 8
22 53 3
22 27 16
22 58 14
22 36 20
22 107 3
22 34 8
22 40 5
22 13 1
22 76 5
22 51 5
22 47 11
22 89 17
22 112 3
22 37 3
22 113 18
22 60 11
22 39 13
22 3 19
22 123 17
22 100 4
22 57 1
22 111 20
22 115 10
22 105 2
22 48 1
22 121 7
22 71 15
22 124 7
22 20 15
22 92 19
22 5 1
22 90 12
22 104 16
22 33 20
22 54 14
22 84 15
22 96 7
22 77 11
22 38 19
23 127 5
23 104 1
23 33 3
23 34 5
23 65 1
23 62 13
24 69 6
24 79 8
24 50 10
24 43 4
24 98 14
24 94 10
24 29 12
24 127 18
24 121 19
24 110 18
24 68 4
25 0 16
25 91 16
25 104 8
25 24 9
25 26 15
25 30 7
25 29 6
25 93 18
25 81 6
25 4 11
25 37 12
25 28 10
25 10 15
25 48 8
25 3 7
25 74 12
25 44 14
25 100 5
25 62 10
25 119 18
25 72 5
25 67 20
25 103 5
25 1 1
25 38 13
25 110 6
25 46 10
25 43 7
25 76 3
25 54 17
25 64 20
25 102 4
25 87 16
25 65 19
25 79 5
25 57 19
25 51 20
25 11 16
25 59 7
25 88 18
25 39 6
25 71 10
25 92 6
25 47 1
25 122 12
25 124 16
25 85 14
25 109 16
25 77 11
25 118 18
26 46 2
26 112 17
26 30 19
26 92 7
26 119 7
26 41 19
26 55 1
26 103 15
26 15 12
26 89 1
26 111 5
26 38 10
26 100 19
26 82 8
26 35 5
26 109 10
26 102 11
26 10 14
26 118 11
26 115 4
26 9 9
26 27 14
26 79 16
26 84 9
26 72 4
26 66 11
26 88 1
26 29 17
26 97 12
26 0 13
26 57 3
26 106 7
26 24 3
26 98 1
26 59 19
26 39 16
26 33 8
26 124 11
26 65 19
26 104 18
26 86 15
26 87 18
26 69 15
26 22 10
26 74 13
26 121 8
26 76 8
26 53 11
26 4 11
26 36 7
26 68 9
27 14 5
27 101 5
27 27 12
27 97 7
27 82 12
27 115 1
27 49 17
27 28 5
27 83 11
27 47 19
27 75 5
27 76 20
27 105 9
27 81 9
27 52 3
27 20 17
27 109 13
27 50 19
27 45 16
27 25 7
27 39 19
27 72 20
27 111 16
27 126 8
27 11 6
27 84 3
27 114 11
27 32 19
27 70 19
27 36 1
27 5 2
27 38 17
27 80 6
27 122 17
27 9 15
27 41 6
27 92 11
27 6 12
27 63 2
27 88 13
27 64 14
27 94 2
27 37 18
27 95 1
27 19 12
27 65 13
27 68 15
28 80 3
28 14 13
28 35 1
28 64 4
28 23 7
28 17 13
28 42 14
28 19 6
28 36 18
28 88 1
28 75 6
28 60 3
28 97 8
28 46 1
28 116 7
28 79 2
28 66 1
28 113 10
28 1 16
28 59 17
28 112 10
28 58 12
28 43 4
28 57 3
28 124 13
28 120 13
28 69 5
29 33 15
29 112 6
29 54 1
29 86 8
29 60 13
29 127 14
29 42 13
29 32 20
30 90 4
30 117 10
30 115 20
30 80 1
30 91 20
30 119 14
30 9 12
30 65 10
30 52 12
30 15 9
30 70 5
30 66 15
30 41 17
30 46 9
30 101 20
30 57 10
30 95 18
30 109 18
30 49 20
30 62 9
30 76 13
30 36 13
30 110 12
30 13 11
30 45 12
30 51 7
30 97 10
30 32 13
30 96 3
30 61 13
30 47 11
30 50 8
30 103 15
30 69 4
30 0 18
30 29 10
30 78 11
30 92 4
30 38 3
30 114 14
30 83 16
30 74 7
30 63 1
30 77 16
30 106 11
30 102 11
30 58 10
30 112 2
30 53 17
30 6 19
30 1 20
30 79 8
30 5 20
30 122 10
30 72 14
30 118 3
30 73 14
30 98 6
30 11 20
30 39 18
31 74 11
31 119 15
31 70 2
31 73 17
31 67 9
31 102 11
31 114 16
31 59 2
31 93 5
31 47 15
31 51 11
31 17 20
31 96 7
31 78 6
31 97 9
31 104 13
31 87 3
31 35 20
31 90 18
31 122 16
31 69 2
31 117 18
31 29 1
31 41 17
31 49 20
31 83 1
31 84 10
31 124 16
31 9 3
31 43 8
31 86 14
31 46 3
31 27 7
31 77 12
31 63 9
31 94 8
31 34 4
31 14 17
31 58 20
31 108 3
31 23 12
31 100 4
31 48 16
31 85 16
31 112 5
31 11 5
31 19 1
31 44 13
31 26 3
31 113 12
31 50 5
31 99 18
32 28 2
33 89 16
33 4 18
33 75 8
33 94 6
33 42 3
33 9 8
33 22 15
34 23 3
34 92 11
34 10 17
34 124 18
34 127 18
34 108 18
34 69 1
34 11 15
34 100 2
34 72 10
34 83 3
34 111 6
34 107 2
34 66 10
34 28 1
34 76 8
34 95 18
34 114 6
34 6 20
34 44 5
34 52 7
34 103 14
34 70 10
34 25 10
34 13 13
34 53 17
34 46 15
34 62 12
34 51 18
35 102 17
35 85 18
35 111 15
35 41 12
35 66 12
35 62 11
35 40 13
35 108 3
35 101 10
35 29 5
35 83 11
35 50 11
35 110 16
35 34 18
35 22 17
35 100 13
35 17 11
35 44 1
35 42 6
35 61 8
35 0 18
35 9 16
36 88 15
36 46 3
36 24 12
36 49 12
36 35 5
36 58 12
36 94 15
36 127 16
36 9 17
36 87 5
36 26 11
36 48 4
36 119 19
36 106 18
36 23 12
36 118 5
36 71 2
36 10 15
36 6 18
36 89 9
36 110 19
36 29 18
36 76 11
36 70 18
36 108 3
36 85 20
36 44 10
36 122 1
36 96 9
37 88 9
37 92 16
37 51 8
37 115 8
37 95 4
37 8 6
37 105 5
37 74 15
37 58 5
37 126 7
37 83 13
37 84 19
37 78 1
37 107 4
37 113 10
37 41 5
37 26 18
37 11 6
37 1 5
37 98 10
37 5 18
37 31 7
37 20 7
37 66 5
37 72 4
37 79 5
37 116 18
37 50 2
37 108 4
37 35 10
37 81 12
37 65 13
37 14 9
37 80 14
37 106 18
37 102 5
37 46 13
37 52 12
37 125 3
37 120 18
37 70 8
37 114 3
37 43 3
37 68 10
38 94 12
38 29 13
38 10 16
38 102 6
38 113 19
38 111 7
38 9 7
38 126 16
38 121 4
38 14 19
38 43 15
38 127 8
38 35 10
38 13 2
38 22 4
38 70 14
38 109 5
38 52 3
38 116 20
38 64 12
38 56 5
38 82 2
38 76 6
38 104 2
38 58 1
38 114 20
38 49 4
38 87 2
38 71 18
38 112 19
38 62 14
38 95 8
38 53 10
38 107 6
38 101 14
38 42 5
38 19 20
38 8 12
38 27 7
38 106 8
38 23 7
38 65 5
38 6 7
39 3 20
39 19 12
39 67 11
39 48 4
39 4 3
39 34 14
39 100 3
39 11 17
39 33 5
39 79 15
39 118 17
39 17 13
39 40 12
39 94 13
39 92 14
39 39 4
39 43 18
39 117 20
39 120 14
39 88 5
39 1 7
39 32 10
39 53 5
39 80 14
39 70 18
39 126 15
39 98 15
39 86 4
39 87 2
39 69 9
39 22 15
39 28 15
39 122 6
39 113 13
39 5 16
40 48 15
40 32 3
40 124 13
40 1 11
40 28 11
40 42 3
40 116 13
40 69 18
40 22 20
40 27 8
40 57 4
40 43 19
40 103 20
40 121 19
40 117 2
40 41 16
40 56 20
40 76 12
40 118 2
40 122 9
40 91 18
40 45 19
40 89 11
40 90 17
40 80 6
40 82 16
40 17 7
40 71 6
40 37 19
40 34 13
40 94 7
40 113 8
40 95 11
40 53 17
40 119 20
40 4 4
40 3 6
40 50 10
40 83 12
40 70 2
40 26 4
40 102 5
40 10 12
40 5 18
41 82 4
41 57 10
41 37 1
41 1 15
41 65 6
41 22 7
41 72 3
41 96 5
41 126 20
41 15 4
41 73 17
41 36 12
41 97 13
41 43 11
41 80 7
41 92 3
41 91 19
41 38 4
41 100 16
41 94 18
41 53 7
41 74 1
41 95 6
41 55 6
41 64 12
41 52 5
41 46 5
41 10 20
41 114 12
41 17 1
41 68 20
41 48 18
41 13 6
41 69 1
41 76 18
41 106 1
41 60 18
41 11 9
42 50 3
42 123 2
42 34 6
42 124 11
42 75 15
42 90 20
42 94 12
42 106 10
42 122 1
42 97 10
42 31 1
43 101 19
43 115 15
43 110 15
43 78 5
43 25 1
43 120 19
43 53 15
43 5 10
43 95 5
43 124 10
43 31 17
43 11 16
43 59 16
44 72 3
44 55 8
44 20 13
44 99 19
44 124 17
44 81 12
44 80 3
44 117 12
44 69 15
44 73 20
44 71 11
44 66 17
44 43 12
44 112 7
44 96 19
44 17 16
44 75 14
44 116 5
44 109 16
44 27 19
44 11 6
45 127 15
45 83 15
45 0 12
45 59 19
45 92 18
45 76 11
45 120 14
45 51 5
45 122 16
45 110 14
45 37 14
45 17 9
45 62 13
45 84 8
45 44 17
45 20 8
45 11 4
45 50 15
45 27 16
45 49 6
45 65 4
45 105 20
45 22 14
45 71 17
46 26 12
46 34 20
46 111 10
46 0 3
46 94 12
46 10 17
46 104 5
46 101 6
46 105 1
46 22 5
46 69 11
46 113 8
46 126 6
46 5 17
46 85 8
46 79 19
46 84 20
46 47 14
47 4 2
47 105 6
47 107 5
47 43 1
47 108 13
47 9 15
47 60 4
47 82 7
47 123 19
47 103 5
47 96 6
47 80 16
47 76 1
47 26 2
47 85 3
47 28 16
47 125 13
47 29 10
47 117 20
47 114 5
47 44 15
47 13 14
47 57 3
47 6 18
47 99 12
48 19 17
48 110 15
48 118 1
48 62 12
48 123 14
48 11 19
48 35 20
49 63 17
49 82 19
49 11 19
49 6 16
49 117 7
49 17 10
49 86 6
49 62 17
49 105 3
49 67 18
49 47 17
49 36 10
49 73 8
49 125 13
49 78 7
49 122 9
49 114 2
50 76 2
50 87 6
50 93 5
50 68 2
50 15 12
50 125 16
50 113 15
50 54 1
50 100 3
50 77 2
50 34 3
50 123 17
50 53 4
50 17 18
50 48 9
50 13 11
50 63 1
50 8 2
50 98 20
50 112 17
50 35 16
50 118 11
50 4 1
50 95 20
50 49 11
50 86 9
50 55 9
50 50 5
50 65 20
50 71 8
50 45 17
50 126 6
50 25 14
50 108 11
50 124 19
50 73 15
50 89 10
50 88 5
51 32 1
51 96 3
51 74 10
51 106 1
51 57 17
51 17 3
51 113 1
51 93 6
51 54 7
51 39 13
51 44 10
51 50 14
51 81 5
51 37 17
51 123 16
51 97 6
51 52 7
51 83 19
51 45 7
51 95 17
51 102 14
51 116 13
51 66 5
51 108 18
51 25 9
51 110 1
52 65 5
52 62 12
52 60 4
52 94 16
52 0 11
52 5 1
52 71 1
52 99 8
52 110 3
52 26 10
52 37 3
52 120 7
52 78 7
52 79 5
52 47 1
53 33 20
53 55 17
53 101 14
53 74 12
53 48 4
53 42 5
53 91 15
53 95 10
53 73 12
53 102 11
53 109 1
53 15 17
53 50 15
53 14 2
53 43 2
53 25 11
53 84 12
53 58 4
53 66 14
53 82 8
53 103 11
53 115 16
53 26 7
53 79 6
53 65 9
53 107 6
53 35 8
53 57 19
53 44 1
53 0 13
53 76 1
53 120 4
53 54 15
53 17 12
53 52 17
53 69 12
53 20 4
53 110 20
53 10 12
53 94 10
53 92 11
54 96 2
54 49 16
54 48 6
54 99 9
54 69 4
54 42 2
54 98 19
54 15 10
54 74 6
54 86 5
54 0 8
54 6 13
54 62 17
54 22 7
54 10 6
54 65 9
54 23 19
54 26 13
54 71 3
54 24 20
54 47 12
54 52 4
54 87 12
54 120 8
54 113 6
54 76 1
54 94 9
54 72 3
55 62 20
55 78 9
55 66 19
55 122 19
55 87 18
55 73 15
55 58 17
55 64 12
55 55 7
55 106 10
55 86 9
55 75 1
55 111 11
55 23 2
55 99 15
55 97 14
55 54 10
55 85 9
55 59 19
55 33 7
55 121 16
55 81 7
55 114 15
55 38 8
55 19 19
55 76 13
55 39 9
55 98 15
55 71 20
55 53 5
55 83 19
55 69 1
55 72 11
55 96 19
55 115 8
55 95 18
55 116 12
55 100 19
55 63 11
55 90 3
55 93 16
55 61 7
55 88 8
56 67 5
56 25 10
56 65 13
56 80 16
56 36 11
56 83 11
56 5 15
56 34 4
56 29 16
56 124 3
56 122 16
56 24 3
56 66 11
56 50 20
56 54 4
56 6 16
56 89 6
56 102 19
56 73 7
56 19 9
56 109 7
56 96 3
56 108 20
56 82 12
56 68 11
56 8 4
56 58 9
56 14 1
56 70 11
56 56 14
56 22 20
56 81 6
56 86 19
56 117 13
56 47 13
56 60 10
56 13 6
56 49 3
56 62 14
56 71 17
56 75 12
56 17 11
56 103 18
56 85 5
56 119 9
56 74 19
56 99 2
56 52 16
56 28 3
56 4 5
56 57 5
57 87 11
57 118 3
57 23 9
57 50 11
57 53 6
57 73 14
57 96 20
57 9 8
57 100 14
57 94 16
57 22 15
57 108 15
57 69 3
57 45 19
57 47 7
57 110 14
57 34 12
57 58 17
57 98 12
57 24 9
58 77 17
58 45 10
58 112 16
58 81 10
58 11 9
58 86 8
58 122 1
58 65 7
58 63 17
58 28 17
58 39 11
58 68 2
58 53 18
58 17 1
58 96 12
58 52 19
58 40 8
58 71 20
58 34 15
58 29 20
58 72 16
58 48 12
58 19 19
58 91 6
58 76 18
58 74 7
58 14 11
58 113 14
58 115 5
58 57 14
58 119 6
58 56 18
58 4 19
58 36 20
58 59 6
58 5 6
58 64 18
58 78 17
58 116 9
58 107 17
59 33 3
59 15 9
59 11 14
59 124 7
59 10 11
59 87 3
59 113 12
59 65 10
59 99 9
59 118 19
59 67 16
59 84 9
59 96 14
59 37 16
59 102 20
60 61 13
60 91 15
60 94 19
60 38 7
60 70 6
60 78 12
60 68 1
60 109 1
60 104 19
60 34 20
60 111 12
60 64 11
60 92 20
60 127 20
60 74 1
60 113 4
60 0 3
60 55 9
60 125 17
60 39 4
60 60 11
60 98 9
60 37 5
60 40 18
60 124 5
60 120 14
60 126 14
60 13 18
60 54 1
60 65 10
60 96 11
60 49 12
60 63 18
60 35 12
60 79 4
60 15 3
60 19 4
60 95 10
60 99 15
60 9 19
60 115 10
60 119 10
60 90 12
60 116 14
60 17 10
60 66 19
61 14 13
61 67 18
61 56 20
61 13 7
61 36 11
61 51 11
61 35 1
61 45 11
61 68 7
61 89 15
61 111 16
61 57 3
61 102 1
61 32 8
61 10 15
61 33 17
61 41 9
61 62 20
61 46 8
61 121 6
61 106 3
61 23 2
61 81 8
61 5 4
61 60 13
61 66 13
61 117 19
61 88 4
61 97 1
61 6 6
61 100 19
61 47 17
61 42 14
62 77 17
62 57 5
62 37 9
62 44 1
62 34 6
62 75 12
62 87 13
62 55 5
62 126 14
62 10 18
62 105 8
62 41 8
62 47 1
62 67 11
62 52 18
62 98 15
62 96 16
62 51 11
62 43 2
62 100 9
62 108 18
62 83 1
62 59 1
62 119 15
62 107 19
62 39 20
62 113 1
62 74 8
63 68 2
63 97 16
63 46 19
63 0 8
63 25 19
63 58 8
63 105 16
63 11 1
63 111 19
63 38 18
63 124 3
63 127 17
63 121 15
63 51 14
63 91 7
63 47 19
63 32 5
63 29 3
63 96 4
63 120 15
63 55 6
63 110 10
63 5 17
63 77 4
63 80 10
63 88 11
63 53 6
63 36 11
63 33 15
63 45 14
63 9 16
63 42 5
63 10 2
63 6 11
63 109 11
63 84 10
64 28 3
64 113 9
64 60 8
64 4 19
64 87 3
64 64 17
64 101 7
64 36 18
64 29 20
64 81 15
64 66 13
64 110 10
64 115 14
64 96 16
64 6 18
64 109 3
64 17 8
64 95 17
64 119 14
64 98 2
64 100 6
64 80 19
64 93 18
64 49 15
64 38 12
65 40 16
65 44 2
65 111 1
65 85 19
65 94 18
65 115 10
65 52 18
65 64 7
65 109 4
65 87 15
65 5 6
65 29 9
65 69 17
65 33 8
65 83 20
65 38 1
65 19 12
65 8 11
65 114 18
65 59 3
65 28 20
65 17 2
65 56 15
65 110 11
65 76 17
65 63 7
65 70 3
65 32 15
65 51 16
65 39 20
65 86 14
65 103 14
65 45 13
65 117 6
65 13 9
65 72 3
65 89 4
65 48 8
65 37 1
65 57 3
66 119 16
66 70 4
66 98 4
66 72 5
66 39 12
66 4 8
66 25 6
66 10 14
67 77 18
67 118 2
67 102 2
67 13 20
67 127 2
67 66 11
67 60 15
67 71 10
67 84 17
67 87 9
67 121 19
67 89 2
67 108 1
67 112 11
67 103 17
67 0 3
67 82 16
67 61 1
67 86 4
67 42 20
67 36 2
67 51 2
68 107 9
68 42 14
68 110 11
68 72 6
68 38 20
68 100 7
68 58 14
68 108 10
68 35 17
69 114 14
69 78 17
69 116 11
69 8 8
69 9 6
69 90 4
70 23 6
70 32 20
70 105 8
70 126 19
70 67 4
70 93 2
70 97 8
70 109 7
70 57 3
70 113 5
70 78 17
70 19 18
70 108 2
70 10 20
70 91 7
70 39 5
70 70 11
70 74 1
70 40 4
70 85 19
70 72 16
70 36 1
70 125 15
70 77 3
70 33 7
70 117 7
70 46 12
71 55 1
71 9 13
71 93 16
71 38 6
71 4 15
71 65 3
71 111 14
71 71 14
71 110 12
71 83 18
71 32 9
71 59 13
71 78 11
71 125 8
71 87 11
71 122 8
71 99 18
71 39 18
72 4 3
72 109 17
72 97 11
72 104 6
72 91 3
72 13 5
72 120 14
72 72 19
72 107 10
72 76 15
72 105 8
72 111 17
73 112 13
73 78 17
73 110 8
73 103 2
73 58 3
74 77 3
74 36 11
74 71 5
74 51 14
74 88 13
74 73 19
74 113 7
74 117 13
74 46 9
74 92 18
75 42 7
75 47 2
75 118 11
75 85 15
75 6 13
75 103 6
75 55 4
75 54 9
75 44 10
75 23 5
75 50 15
75 100 19
75 116 15
75 67 17
75 124 6
75 109 19
76 97 14
76 33 2
76 63 17
76 119 5
76 111 14
76 35 5
76 39 13
76 89 1
76 17 1
76 116 6
76 38 9
76 98 4
76 112 5
76 126 12
76 110 11
76 78 7
76 77 10
76 88 9
76 69 5
76 115 14
77 46 19
77 47 3
77 55 8
77 94 20
77 28 11
77 34 11
78 106 10
78 93 17
78 45 2
78 119 13
78 66 9
78 62 2
78 86 11
78 121 12
78 116 10
78 120 6
78 101 13
78 82 1
78 78 17
78 96 1
78 76 12
78 49 11
78 39 8
78 23 3
78 33 9
78 102 11
78 50 3
78 127 20
78 36 18
78 91 7
78 38 19
78 80 15
78 72 18
78 73 9
78 32 7
78 55 19
78 63 15
79 0 9
79 15 6
79 66 2
79 69 6
79 79 13
79 98 15
79 71 18
79 122 6
79 125 9
79 105 15
79 82 19
79 119 16
79 59 20
80 19 15
80 82 5
80 55 13
80 97 19
80 95 13
80 61 18
81 95 3
81 37 4
81 44 3
81 99 8
81 28 6
81 58 17
81 94 5
81 123 9
81 111 18
81 67 9
81 110 7
81 101 13
81 46 9
81 91 2
81 11 20
81 36 8
81 62 18
81 48 16
81 8 11
81 6 15
81 108 19
81 97 1
81 50 19
81 23 14
81 116 13
81 17 11
81 109 10
81 0 10
81 93 15
81 61 6
81 106 18
81 85 9
81 29 17
81 72 13
82 51 6
82 50 1
82 98 20
82 42 19
82 13 14
82 36 13
82 120 12
82 32 5
82 75 19
82 29 5
82 19 6
82 123 4
82 25 6
82 87 12
82 40 17
82 61 15
82 24 19
82 101 12
82 90 5
83 25 13
83 84 19
83 85 9
83 94 1
83 91 9
83 112 19
83 68 16
83 114 13
83 15 8
83 33 17
84 19 10
84 35 15
84 83 8
84 11 6
84 67 4
84 51 17
84 106 18
84 15 15
84 105 14
84 89 6
84 38 4
84 82 20
84 85 10
84 92 8
84 45 12
84 10 13
84 121 3
84 52 1
84 13 19
84 115 11
84 102 2
84 68 4
84 33 9
84 113 3
84 58 6
84 34 15
84 110 3
84 5 2
84 76 17
84 64 9
84 125 19
84 14 18
84 36 18
84 8 13
84 78 12
84 108 4
84 75 2
84 99 18
84 96 10
84 112 19
84 17 16
84 4 15
84 117 13
84 41 5
84 90 19
85 57 4
85 40 8
85 94 8
85 41 5
85 4 15
85 28 19
85 116 16
85 77 10
85 44 16
85 120 2
85 8 1
85 101 17
85 76 8
86 84 7
86 109 11
86 39 5
86 117 1
86 126 17
86 98 7
86 48 10
86 107 14
86 78 16
86 56 2
86 97 11
86 70 12
86 114 2
86 28 13
87 95 7
87 13 17
87 19 10
87 74 18
87 99 17
87 52 14
87 126 8
87 82 8
87 98 8
87 58 20
87 78 18
87 94 3
87 100 3
87 127 20
87 39 10
87 92 5
87 47 15
87 37 7
87 102 1
88 68 19
88 6 3
88 54 10
88 56 14
88 78 10
88 15 9
88 72 9
88 106 8
88 119 9
88 110 10
88 19 16
88 124 7
88 4 6
88 28 1
88 113 2
88 85 4
88 126 13
88 71 5
88 35 1
88 101 10
88 111 7
88 24 16
88 64 12
88 14 6
88 112 14
88 123 1
88 96 17
88 92 16
88 70 6
88 39 13
88 97 1
89 66 1
89 114 5
89 54 4
89 91 14
89 79 6
89 96 15
89 73 14
89 62 3
89 97 2
89 57 9
89 48 17
89 125 8
89 68 5
89 71 13
89 122 17
89 64 3
89 110 5
89 92 17
89 89 6
89 115 20
89 6 1
89 10 15
89 90 7
89 44 12
89 112 13
89 116 18
89 99 15
89 17 2
89 52 6
89 123 14
89 124 13
89 75 1
89 47 9
89 63 9
90 109 14
90 93 10
90 105 15
90 71 2
90 64 19
90 14 7
90 97 4
90 127 3
90 66 17
90 10 17
90 100 11
90 33 9
90 62 18
90 104 13
90 111 1
90 6 6
90 94 3
90 42 19
90 57 2
90 52 6
90 48 3
90 118 20
90 96 10
90 4 7
90 108 7
90 83 15
90 92 5
90 5 14
91 127 12
91 40 16
91 87 13
91 23 10
91 46 8
91 103 18
91 80 6
91 72 14
91 89 8
92 116 3
92 106 1
92 101 11
92 13 2
92 5 9
92 100 12
92 108 3
92 58 9
92 120 4
92 50 20
92 54 4
92 93 2
92 86 9
92 126 17
92 98 15
92 124 3
92 76 3
92 91 2
92 62 6
92 95 17
93 23 7
93 8 6
93 90 3
93 115 11
93 103 18
93 80 8
93 64 3
93 85 4
93 93 1
93 87 9
93 102 13
93 116 7
93 78 14
93 68 19
93 62 8
93 45 14
93 17 2
93 42 8
93 52 13
93 15 13
94 70 8
94 106 14
94 126 16
94 118 4
94 45 15
94 100 3
94 39 20
94 13 20
94 101 3
94 52 8
94 121 7
94 17 14
94 0 15
94 120 19
94 47 20
94 102 16
94 69 9
94 14 4
94 63 16
94 73 19
94 33 13
94 56 9
94 114 14
94 79 17
94 105 10
94 64 5
94 44 4
94 46 5
94 40 7
94 112 15
94 99 12
94 43 8
94 59 12
95 76 19
95 83 17
95 64 11
95 125 19
95 102 15
95 95 9
95 77 12
95 40 18
95 73 8
95 78 9
95 86 4
95 79 16
95 4 4
95 98 16
95 110 8
95 116 14
95 88 13
95 96 10
95 63 1
95 67 18
95 41 1
95 42 17
95 122 19
95 49 9
96 43 8
96 92 5
96 98 4
96 105 19
96 63 14
96 126 14
96 15 12
96 115 19
96 49 10
96 107 12
96 106 8
96 101 10
96 29 19
96 111 14
96 58 15
96 39 18
96 99 4
96 95 18
96 0 10
96 127 11
96 50 1
96 78 9
96 69 16
96 80 5
96 23 7
97 50 20
97 39 6
97 108 14
97 114 12
97 106 19
97 112 9
98 86 18
98 40 13
99 85 20
99 115 7
99 36 16
99 104 10
99 78 7
99 42 10
99 123 8
99 126 10
99 99 5
99 127 6
99 118 19
99 19 5
99 48 14
99 75 4
99 76 11
99 89 3
99 107 19
99 77 20
99 34 19
99 106 3
99 125 5
99 54 20
99 14 4
99 64 2
99 114 14
99 49 6
99 69 11
99 57 18
99 23 1
99 101 20
99 44 14
99 82 12
99 83 18
99 46 18
99 116 13
99 15 2
99 100 12
99 41 18
99 29 7
99 10 13
99 4 14
99 8 9
100 24 4
100 115 12
100 104 17
100 29 1
100 54 9
100 88 5
100 39 15
100 106 8
100 78 17
100 43 14
100 116 4
100 66 16
100 113 18
100 70 9
100 108 17
100 100 15
100 82 3
100 127 9
100 0 12
100 111 20
100 122 1
100 33 20
100 107 6
100 52 19
100 6 11
101 29 11
101 28 18
101 83 16
101 89 19
101 93 14
101 50 13
101 86 19
101 15 11
101 127 1
101 106 17
101 120 6
101 34 5
101 114 17
101 123 9
101 103 18
101 73 15
101 79 17
101 10 17
101 71 13
101 40 15
101 109 7
101 92 1
101 97 9
101 110 5
101 98 20
101 105 16
101 59 16
101 100 13
101 72 9
101 99 7
101 121 1
102 64 6
102 101 7
102 90 15
102 80 9
102 85 16
102 61 16
102 11 15
102 106 14
102 70 8
102 121 18
102 120 3
102 127 20
102 107 16
102 105 16
102 67 1
102 46 15
102 43 15
102 113 18
102 15 7
102 109 17
102 6 10
102 112 2
102 34 3
102 87 6
102 48 7
102 8 13
102 57 10
103 123 19
103 71 14
103 72 16
103 76 17
103 121 16
103 109 2
103 8 15
103 28 15
103 113 17
103 15 20
103 104 20
103 75 12
103 11 18
103 114 18
103 70 20
103 64 8
103 45 11
103 14 12
103 105 10
103 68 3
103 125 5
103 59 19
103 19 10
103 63 4
103 87 15
103 69 5
103 54 16
103 118 4
103 124 10
103 98 5
103 115 8
103 108 20
103 44 14
103 91 6
104 46 12
104 64 5
104 5 15
104 74 14
104 34 15
104 92 10
104 29 11
104 98 2
104 47 10
104 102 1
104 0 10
104 127 14
104 6 15
104 62 8
104 124 9
104 96 11
104 117 11
104 15 9
104 66 4
105 100 7
105 85 7
105 33 11
105 34 10
105 104 13
105 120 4
105 51 5
105 72 5
105 40 2
105 80 18
105 29 6
105 107 11
105 36 16
105 97 1
105 108 19
105 92 15
105 8 18
105 109 4
105 118 20
105 5 4
105 61 6
105 68 19
105 103 4
106 111 13
107 115 16
107 5 11
107 90 15
107 51 1
107 43 3
107 57 6
107 46 9
107 70 10
107 11 2
107 10 8
107 66 6
107 93 9
107 85 16
107 120 10
107 101 13
107 62 9
107 127 7
107 104 13
107 35 13
107 59 13
107 44 8
107 33 12
107 119 13
107 123 7
107 0 16
107 64 20
107 103 20
107 45 1
107 8 13
107 6 5
108 79 7
108 49 11
108 15 2
108 29 17
108 100 13
108 64 13
108 10 19
108 24 12
108 8 13
108 123 2
108 122 14
108 85 12
108 116 13
108 108 17
108 114 6
108 17 14
108 127 5
108 47 4
108 92 20
108 124 2
108 41 5
108 67 18
108 96 15
108 59 3
108 125 17
109 90 17
109 43 13
109 24 10
109 95 1
109 97 5
109 69 3
109 88 15
109 111 6
109 41 4
109 46 4
109 73 14
109 47 1
109 66 14
109 35 13
109 49 15
109 96 7
109 116 11
109 51 8
109 32 11
109 52 7
109 80 13
109 33 18
109 108 2
109 110 9
109 117 15
109 67 19
109 103 5
109 44 2
109 75 5
109 14 7
109 42 1
109 13 1
110 24 17
110 8 11
110 114 1
110 46 13
110 67 5
110 49 1
110 69 3
110 89 20
110 115 5
110 88 3
110 32 14
111 87 7
111 42 1
111 11 13
111 113 18
111 77 14
111 101 1
111 8 19
111 110 17
111 46 2
111 83 2
111 103 3
111 100 7
111 120 11
111 64 4
111 86 1
111 72 17
111 35 16
111 33 3
112 89 17
112 126 6
112 68 4
112 28 18
112 44 9
112 121 8
112 91 2
112 72 9
112 74 1
112 8 1
112 105 13
112 94 20
112 104 5
112 57 15
112 90 10
112 125 7
112 100 13
112 6 2
112 107 12
112 127 2
112 113 7
112 111 16
112 101 12
112 67 6
112 42 13
112 112 19
112 14 20
112 71 19
112 24 1
112 49 1
113 85 6
113 36 10
113 46 16
113 88 18
113 90 4
113 48 8
113 107 1
113 110 6
113 86 13
113 34 16
113 102 11
113 6 7
113 44 5
113 98 19
113 117 1
113 68 19
113 71 2
113 40 4
113 14 3
113 76 18
113 93 10
113 61 1
113 89 14
113 73 17
113 96 9
113 54 10
113 97 12
113 126 13
113 66 3
113 64 3
113 101 16
113 100 20
113 83 11
113 28 19
114 120 18
114 61 12
114 106 17
114 97 13
114 66 3
114 116 13
114 15 3
114 36 19
114 32 3
114 83 6
114 29 19
114 117 4
114 79 18
114 80 4
114 40 13
114 70 11
114 6 15
114 125 20
114 63 14
114 121 13
114 96 8
114 11 4
114 90 6
114 67 1
114 115 8
114 92 11
114 52 3
114 85 2
114 76 12
114 94 8
114 10 9
114 88 16
115 123 4
115 114 5
115 63 11
115 70 18
115 108 4
115 79 10
115 48 11
115 42 18
115 47 10
115 68 19
116 116 12
116 44 16
116 10 17
116 108 4
116 127 20
116 96 2
116 45 8
116 103 12
116 75 14
116 119 6
116 89 13
116 93 6
116 110 13
116 67 11
116 5 16
116 62 7
117 88 15
117 122 8
117 111 13
117 0 11
117 107 17
117 80 12
117 11 4
117 57 16
117 29 9
117 126 6
117 79 17
117 115 7
118 92 10
118 86 20
118 66 11
118 96 6
118 57 2
118 107 7
118 54 2
118 63 2
118 81 8
118 24 12
118 79 18
118 100 19
118 104 15
118 59 19
118 83 5
118 8 6
118 47 16
118 52 5
118 6 13
118 45 8
118 120 14
118 75 9
118 121 19
118 106 11
119 76 5
119 100 17
119 118 18
119 127 2
119 125 4
119 23 15
119 124 15
119 68 20
119 89 18
119 54 1
119 120 9
119 87 3
119 36 14
119 121 3
119 117 18
119 110 10
119 104 7
119 114 3
119 29 6
120 59 4
120 121 5
120 77 19
120 48 3
120 68 7
120 52 5
120 46 10
120 118 12
120 101 15
120 96 10
120 51 1
120 36 19
120 72 9
120 5 20
120 23 5
120 19 5
120 79 2
120 102 6
121 29 6
121 68 4
121 48 13
121 10 17
121 83 11
121 51 7
121 19 9
121 97 17
121 87 18
121 15 17
121 11 14
121 42 7
121 73 13
121 14 18
121 74 15
121 6 5
121 121 5
121 126 1
121 108 16
121 80 15
121 13 12
121 118 7
121 70 1
121 79 14
121 54 16
121 117 1
121 76 15
122 43 9
122 103 6
122 52 8
123 122 12
123 35 1
123 101 19
123 48 7
123 46 8
123 51 5
123 15 9
123 70 14
123 29 6
123 44 6
123 69 11
123 105 4
123 6 1
123 127 16
123 118 16
123 0 1
123 126 2
123 88 15
123 102 16
123 57 14
123 4 4
123 74 18
123 14 15
123 19 16
123 73 8
123 59 8
123 91 8
123 28 3
123 119 15
123 11 18
123 66 1
123 93 10
123 67 9
123 79 9
123 106 16
123 123 3
123 94 14
123 103 18
123 90 18
123 98 20
124 19 20
124 93 9
124 73 9
124 59 6
124 123 18
124 57 4
124 98 6
124 51 9
125 124 16
125 108 14
125 29 7
125 122 9
125 120 10
125 66 3
125 126 13
125 103 6
125 82 13
125 105 7
125 118 10
125 95 17
125 116 15
125 117 20
125 83 10
125 63 19
125 97 1
125 93 11
125 19 1
125 75 20
126 11 12
126 0 15
126 80 11
126 48 14
126 74 17
127 106 13
127 0 12
127 49 1
