0 27 17
0 9 17
0 25 5
0 52 16
0 10 1
0 62 5
0 58 1
0 47 6
0 13 7
0 50 20
0 38 5
0 26 7
0 8 14
0 36 1
0 60 16
0 53 15
0 49 3
0 24 4
1 13 12
1 21 7
1 48 9
1 56 6
1 61 15
1 18 18
2 11 3
2 34 19
2 25 20
2 59 6
2 6 18
2 10 17
2 63 19
2 60 16
2 54 4
3 28 20
3 1 18
3 2 7
3 8 13
3 35 12
3 40 3
3 62 2
3 57 3
3 58 8
3 49 19
3 24 13
3 19 14
3 55 18
3 38 13
3 39 7
3 48 17
3 20 10
3 4 9
3 45 13
3 18 5
3 7 19
4 8 3
4 18 14
4 38 9
4 43 11
4 0 10
4 41 11
4 53 16
5 63 7
5 7 15
5 53 4
5 56 16
5 20 6
5 42 10
5 43 17
5 55 7
5 31 10
5 8 13
5 22 14
5 16 18
5 35 10
5 39 18
5 15 7
5 52 10
5 25 8
5 17 19
5 59 16
5 47 8
5 38 19
5 50 17
5 10 18
5 28 3
5 32 17
6 1 20
6 57 20
6 50 3
6 37 14
6 16 20
6 13 20
6 11 20
6 21 14
6 12 9
6 2 4
6 20 3
6 38 13
6 32 18
6 59 20
7 44 3
7 6 15
8 4 17
8 30 8
8 10 11
8 49 19
8 39 14
8 9 3
8 63 5
8 19 17
8 58 20
8 12 2
8 52 5
9 45 15
9 48 19
9 35 15
9 41 20
9 31 7
9 19 18
9 38 7
9 3 7
9 21 16
9 60 2
9 4 16
9 2 9
9 9 9
9 17 9
9 37 14
9 54 2
10 44 16
10 48 2
10 63 16
10 56 3
10 33 7
10 43 8
10 57 8
10 9 12
10 42 20
10 40 18
10 22 10
10 23 6
10 37 15
10 26 4
10 14 1
10 28 15
10 41 4
10 2 17
10 53 7
10 52 12
10 19 8
11 61 11
11 32 19
11 49 17
11 19 6
11 25 8
12 46 17
13 25 19
13 52 11
13 18 18
13 50 5
14 52 15
14 63 9
14 41 13
14 4 8
14 24 8
14 45 6
14 53 1
14 59 4
14 58 20
14 15 17
14 38 17
14 10 2
14 6 5
14 17 8
14 16 7
14 5 9
14 3 13
14 55 14
14 8 19
14 12 1
15 28 13
15 60 2
15 59 7
15 43 13
15 30 18
15 40 16
15 63 6
15 21 11
15 1 13
15 45 8
15 57 5
15 11 12
15 62 4
15 17 12
15 41 8
15 48 17
15 16 7
15 27 11
15 32 13
15 39 9
15 15 10
15 5 13
15 22 12
15 33 17
15 2 2
15 25 17
16 44 7
16 61 11
16 31 5
16 2 13
16 62 5
16 52 9
16 39 7
16 50 5
17 34 4
17 45 2
17 49 16
17 36 10
17 31 6
17 10 5
17 13 16
17 41 16
17 17 4
17 55 9
17 59 1
17 11 8
17 53 11
17 28 6
17 12 8
17 60 13
17 63 15
17 23 2
17 33 14
17 32 18
18 26 8
18 48 20
18 45 19
18 24 18
18 37 17
18 1 14
19 9 18
19 25 11
19 22 6
19 50 17
20 41 20
20 14 10
20 3 2
20 52 9
20 54 6
20 9 11
20 59 14
20 1 10
20 4 7
21 20 14
21 5 14
21 31 5
21 19 9
21 24 1
21 44 7
21 56 14
21 23 14
21 28 2
21 36 15
21 0 10
21 29 1
21 4 12
21 8 5
21 33 6
21 54 14
21 21 20
21 52 14
21 49 16
21 63 17
22 33 20
22 62 6
22 41 2
22 11 16
22 30 11
22 23 20
22 17 9
22 43 8
22 52 19
22 24 10
22 54 10
22 58 9
22 48 17
22 32 9
22 22 16
22 51 20
22 37 7
22 6 6
22 35 8
22 5 17
22 0 13
22 63 1
22 57 12
22 9 14
22 49 20
22 61 11
22 13 20
23 53 16
23 29 4
23 25 20
23 32 17
23 13 11
24 8 5
24 25 15
24 11 2
24 57 16
24 2 10
24 56 15
24 30 14
24 31 8
24 29 5
24 3 16
24 16 20
24 38 3
24 34 9
24 24 7
24 59 6
24 28 5
24 36 12
25 21 13
25 19 10
25 42 17
25 47 17
25 50 20
25 35 19
25 2 5
25 48 18
26 49 17
26 23 6
26 28 19
26 10 17
26 56 5
26 14 8
26 20 7
26 11 6
26 17 9
26 46 16
26 53 15
26 13 18
26 25 3
26 31 4
26 27 8
27 20 11
27 38 17
27 48 8
27 51 11
27 37 19
27 46 9
27 16 15
27 42 15
27 50 2
27 26 2
27 57 12
27 54 17
27 2 16
27 32 6
27 27 20
28 25 6
28 43 18
28 36 7
28 52 18
28 5 4
28 29 3
28 60 10
28 39 2
28 56 14
28 62 9
28 32 19
28 55 2
28 42 19
28 16 19
28 63 1
28 30 9
28 37 12
29 34 20
29 39 10
29 56 4
29 32 20
29 43 20
29 3 3
29 17 11
29 57 17
29 45 16
29 59 19
30 54 2
30 56 2
30 15 8
30 38 11
30 17 16
30 3 12
30 12 15
30 28 14
30 49 19
31 4 16
31 58 3
31 37 7
31 32 16
31 21 4
31 26 8
31 47 12
31 19 17
31 23 5
31 36 4
31 59 20
31 39 1
31 12 6
31 53 20
31 17 9
31 49 10
31 27 1
31 9 15
31 24 1
31 3 1
31 6 5
32 19 12
33 54 3
33 2 14
33 36 13
34 32 5
34 24 6
34 2 12
34 46 2
34 7 2
34 59 4
34 1 5
34 63 1
34 21 15
34 31 17
34 44 16
34 55 3
34 42 13
34 49 13
34 36 15
34 23 18
35 57 10
35 4 7
35 56 8
35 31 9
35 5 14
35 15 7
35 54 17
35 45 12
35 7 13
35 6 8
35 38 8
36 42 2
36 44 5
36 9 12
36 55 10
36 5 20
36 10 9
36 1 13
36 34 5
36 29 16
36 50 11
36 47 11
36 40 5
36 53 2
37 50 19
37 23 10
37 19 6
37 24 14
37 31 20
37 33 16
37 2 5
37 18 6
37 37 3
37 59 11
38 7 6
38 1 6
38 3 16
38 54 19
38 36 20
38 53 4
38 29 14
39 55 2
40 24 20
40 32 9
40 34 15
40 29 15
40 18 12
40 31 6
40 41 20
40 43 13
40 1 6
40 44 2
40 10 4
40 9 11
40 49 7
41 43 19
41 26 6
41 39 14
41 48 1
41 34 7
41 0 18
41 19 4
41 56 19
41 30 20
41 37 7
41 59 6
41 40 5
41 29 5
41 55 1
41 15 17
41 44 11
41 28 9
41 50 3
41 10 15
41 25 3
41 57 1
41 42 10
42 20 18
42 42 8
42 11 12
42 8 4
42 63 17
42 32 18
42 38 13
43 63 5
43 44 13
43 38 8
43 35 6
43 11 9
43 58 13
43 26 19
43 24 4
43 3 17
43 16 18
43 27 16
43 28 15
43 52 18
43 0 18
43 2 15
43 10 3
43 49 13
43 51 12
43 56 18
43 13 19
44 12 5
44 34 11
44 47 1
44 13 18
44 35 5
44 25 8
44 20 4
45 52 17
45 38 6
45 7 10
45 46 15
45 3 13
45 20 5
45 56 8
45 21 8
45 2 16
45 0 5
46 0 10
46 48 13
46 40 1
46 2 20
46 17 3
46 60 7
46 42 12
46 37 13
46 30 12
46 35 8
46 62 8
46 21 15
47 8 3
47 21 14
47 19 8
47 35 18
47 60 6
47 63 7
47 20 18
47 17 5
47 47 9
47 2 1
48 60 6
48 63 3
48 40 9
48 7 1
48 25 6
48 38 17
48 53 15
48 49 17
48 32 11
48 62 10
48 0 15
48 57 2
48 36 15
48 2 13
49 26 10
49 50 20
49 38 11
49 7 2
49 53 17
49 52 3
49 36 9
49 33 1
49 42 13
49 28 10
49 14 1
49 37 6
49 43 13
49 20 18
49 29 9
49 6 9
49 19 9
50 61 7
50 53 1
50 54 8
50 18 2
50 33 20
51 12 8
51 55 7
51 26 17
51 39 18
51 50 14
51 14 13
51 29 10
51 6 19
51 41 11
51 62 12
51 19 1
51 59 4
51 43 13
51 56 15
51 21 1
51 63 8
51 20 19
51 53 8
51 33 8
51 58 12
51 34 8
51 47 20
51 37 14
52 57 12
52 1 3
52 60 15
53 36 9
53 4 5
53 43 13
53 38 4
53 0 5
53 56 12
53 1 2
53 7 16
53 3 1
53 11 16
53 12 18
54 12 6
54 44 6
54 2 20
54 55 12
54 1 7
54 26 14
54 46 3
54 25 5
54 0 7
54 62 2
54 45 6
54 50 8
54 61 19
54 4 11
54 35 10
54 20 18
54 58 3
54 23 15
54 60 2
54 11 14
54 40 20
55 53 16
55 33 10
55 25 13
55 1 19
55 45 2
55 63 8
55 16 20
55 35 7
55 34 14
55 2 12
55 28 16
55 7 18
55 32 9
55 12 20
55 59 10
55 60 1
55 55 9
55 37 17
56 28 7
57 7 12
57 32 20
57 6 6
57 9 12
57 51 14
57 19 9
57 58 11
57 61 6
57 44 1
57 11 8
57 55 9
57 27 3
57 1 4
58 57 9
58 34 20
58 28 9
58 37 18
58 35 20
58 7 18
58 33 18
59 46 7
59 26 6
59 4 4
59 30 3
59 42 10
59 37 13
59 51 1
59 57 15
59 14 11
59 6 3
59 18 1
59 29 3
59 13 6
59 47 16
59 44 16
60 62 12
60 51 17
60 26 12
60 48 12
60 25 3
60 45 3
60 13 16
60 40 12
60 49 20
61 19 12
61 53 4
61 39 15
61 33 2
61 55 4
61 62 12
61 50 18
61 36 11
61 25 17
61 40 1
61 26 3
61 48 1
61 59 1
61 23 8
61 63 6
61 60 7
61 7 8
61 30 13
61 51 5
61 2 3
61 37 14
61 56 1
61 38 19
62 37 17
62 46 3
62 6 1
62 11 20
62 12 18
62 26 5
62 23 14
62 62 12
62 13 14
62 2 2
62 18 19
62 40 15
62 57 9
62 7 14
62 27 4
62 24 8
62 9 18
62 1 12
63 16 3
63 57 5
63 51 16
63 52 12
63 4 2
63 30 16
63 62 14
63 0 13
63 25 19
63 37 13
63 23 2
