22262 9978 22815 24582 7888 
1910 3255 8168 10356 11551 13810 15072 19496 19685 20990 22059 23487 26584 26862 28728 
29050 23154 3758 795 19202 11030 28407 26930 19430 15540 
882 2419 2740 2870 4226 4847 5612 7758 8658 9190 10221 11305 14330 14385 16140 16173 16493 17674 19048 19532 20722 24019 24133 25382 26170 27350 27748 28939 30982 31850 
17868 32018 11231 8178 19979 22841 2212 18263 24071 5821 30805 322 15117 23146 28942 
357 604 1088 1417 2932 3177 4490 4617 6363 6392 7604 7664 8701 9811 10291 12926 14070 14071 14259 14334 14389 14516 16146 16371 16503 16774 17326 17552 18496 18523 18745 20331 20845 23953 24259 24551 26131 26808 27014 27054 27467 27716 28394 29904 31116 
9191 5120 26095 11602 25773 29789 19780 32451 6841 30315 26708 4020 12717 4815 11736 29584 23623 9120 24670 22715 
901 2029 2736 3265 3332 3346 4296 5040 5573 5666 5773 6749 7353 7875 9171 9537 10435 10538 10609 10688 11506 11998 12120 12410 12419 13090 13103 13287 13470 13856 14124 14143 15751 15914 16606 17153 18769 19016 19175 19249 19336 19468 20189 20874 20926 21087 21121 21131 21856 22625 23153 23338 23799 24796 25527 27044 29167 29909 31434 32557 
27454 6438 85 12827 20334 19999 25904 4422 18106 26868 21562 12038 28261 16748 1104 24243 27324 10887 10613 62 555 30140 30740 5531 4998 
853 1083 1273 1504 2708 3267 3395 3909 3963 4775 6130 7658 7805 7930 8162 8993 9126 9606 9717 10292 10506 10589 10691 10704 10759 11361 11657 12792 13619 13829 14198 14718 14797 14971 15491 15561 15649 16303 17346 18052 18082 18882 20017 20093 20295 20676 22312 24355 24644 24903 25238 25298 25702 26212 26576 27283 27589 27839 27884 28076 28361 28558 28953 29339 29349 29622 30132 30251 30698 30725 31056 31528 31892 32261 32278 
