3
4
11
14
17
30
35
39
42
43
56
65
78
86
93
98
98
112
115
120
121
123
126
150
161
183
186
213
214
214
216
218
235
238
248
257
264
267
276
281
284
290
293
296
306
326
328
338
340
341
353
359
366
368
369
392
393
395
407
408
417
421
422
461
462
466
499
506
531
534
546
549
554
559
561
562
573
573
661
661
686
689
697
701
714
719
727
735
746
756
774
782
786
791
797
799
817
818
822
830
834
834
835
836
848
850
854
859
873
884
887
889
897
908
909
912
925
939
943
967
974
977
981
995
997
1005
1009
1010
1028
1029
1032
1037
1042
1054
1071
1083
1087
1088
1094
1106
1120
1122
1126
1126
1128
1139
1143
1148
1171
1179
1191
1193
1195
1218
1223
1236
1238
1240
1253
1264
1295
1298
1308
1312
1319
1319
1320
1333
1337
1337
1377
1379
1380
1383
1390
1391
1394
1395
1397
1400
1415
1436
1442
1445
1453
1456
1457
1467
1469
1479
1481
1482
1490
1495
1512
1520
1533
1538
1552
1556
1578
1582
1593
1597
1604
1613
1622
1648
1654
1657
1658
1683
1684
1690
1694
1706
1706
1714
1723
1727
1730
1733
1748
1755
1759
1776
1777
1785
1795
1799
1804
1810
1810
1814
1815
1828
1854
1858
1865
1877
1891
1893
1895
1900
1910
1915
1922
1925
1930
1933
1953
1958
1962
1965
1971
1978
1984
1985
1986
1999
2002
2009
2012
2014
2021
2025
2041
2042
2043
2057
2060
2064
2068
2073
2078
2080
2088
2111
2131
2135
2138
2159
2186
2189
2191
2217
2218
2220
2221
2226
2243
2248
2268
2283
2314
2315
2323
2326
2333
2341
2355
2368
2370
2370
2372
2376
2378
2379
2389
2396
2399
2426
2440
2444
2446
2455
2459
2461
2469
2470
2472
2478
2485
2485
2495
2501
2505
2506
2511
2511
2514
2514
2537
2557
2563
2579
2588
2596
2603
2616
2623
2637
2643
2652
2655
2656
2675
2680
2697
2705
2716
2718
2719
2746
2770
2770
2778
2780
2781
2791
2792
2792
2801
2810
2812
2816
2820
2826
2841
2841
2847
2856
2864
2866
2867
2869
2876
2881
2908
2909
2929
2931
2934
2961
2970
2976
2978
3012
3037
3038
3042
3043
3050
3050
3052
3058
3065
3080
3095
3102
3103
3114
3123
3130
3136
3161
3163
3177
3185
3185
3188
3196
3197
3201
3210
3220
3243
3253
3257
3277
3278
3282
3286
3308
3325
3327
3345
3375
3381
3384
3388
3419
3424
3460
3468
3469
3472
3474
3484
3488
3493
3498
3505
3509
3517
3535
3565
3574
3592
3602
3603
3616
3627
3633
3633
3635
3637
3643
3646
3657
3665
3668
3675
3676
3677
3685
3689
3691
3697
3697
3701
3704
3705
3739
3757
3760
3769
3806
3812
3822
3822
3823
3826
3849
3859
3869
3876
3888
3902
3903
3918
3929
3931
3942
3943
3944
3952
3954
3957
3969
3973
3980
3985
3995
4001
4006
4024
4040
4042
4059
4070
4071
4075
4079
4086
4099
4102
4113
4113
4121
4128
4135
4136
4146
4160
4165
4165
4166
4176
4179
4190
4198
4202
4208
4224
4244
4267
4268
4277
4279
4281
4287
4287
4303
4306
4307
4307
4308
4315
4317
4322
4324
4327
4329
4329
4332
4334
4340
4341
4341
4348
4348
4353
4354
4366
4392
4395
4410
4417
4428
4431
4436
4458
4481
4522
4531
4532
4533
4543
4549
4550
4553
4553
4564
4570
4584
4585
4600
4617
4630
4633
4634
4637
4639
4648
4653
4663
4675
4682
4685
4688
4688
4700
4706
4707
4736
4738
4758
4766
4785
4811
4825
4842
4862
4876
4878
4879
4881
4883
4894
4900
4911
4915
4943
4952
4952
4959
4978
4989
4995
4997
5001
5007
5017
5020
5041
5049
5050
5073
5074
5079
5101
5105
5118
5118
5118
5129
5132
5135
5145
5147
5157
5165
5168
5193
5193
5195
5196
5197
5208
5217
5228
5236
5236
5240
5260
5261
5265
5274
5295
5307
5316
5321
5322
5326
5335
5335
5341
5342
5343
5350
5362
5367
5372
5384
5386
5389
5398
5402
5405
5409
5409
5417
5423
5440
5449
5462
5472
5473
5477
5477
5483
5499
5501
5504
5527
5542
5543
5544
5553
5557
5559
5563
5565
5567
5574
5577
5599
5622
5624
5646
5661
5661
5668
5673
5676
5683
5689
5704
5717
5721
5725
5734
5745
5756
5757
5758
5765
5780
5788
5789
5794
5801
5802
5811
5819
5819
5822
5857
5858
5859
5861
5868
5872
5881
5888
5900
5901
5902
5914
5940
5975
5989
5998
6002
6009
6014
6014
6019
6021
6028
6037
6044
6053
6054
6058
6074
6079
6080
6092
6097
6103
6106
6113
6123
6128
6138
6139
6141
6150
6156
6157
6158
6163
6165
6176
6179
6188
6193
6194
6218
6245
6248
6259
6261
6270
6274
6293
6297
6301
6302
6304
6306
6309
6322
6334
6348
6376
6381
6392
6395
6395
6398
6401
6405
6415
6432
6435
6442
6443
6447
6449
6456
6458
6464
6466
6484
6496
6496
6506
6511
6518
6544
6548
6549
6554
6563
6576
6578
6583
6594
6597
6600
6610
6611
6643
6648
6649
6658
6677
6699
6705
6731
6750
6752
6753
6771
6774
6816
6826
6830
6831
6846
6850
6856
6856
6860
6864
6867
6885
6892
6894
6900
6903
6909
6914
6914
6915
6919
6944
6962
6964
6975
6983
6990
6995
7004
7008
7014
7023
7027
7030
7039
7054
7059
7069
7104
7104
7105
7118
7119
7120
7127
7137
7157
7163
7173
7186
7189
7191
7192
7197
7197
7204
7207
7218
7237
7243
7250
7261
7271
7275
7284
7289
7303
7304
7307
7311
7331
7344
7361
7368
7379
7395
7402
7403
7405
7420
7432
7444
7454
7455
7457
7462
7482
7483
7484
7486
7489
7497
7500
7504
7505
7511
7516
7516
7522
7529
7554
7558
7605
7609
7618
7623
7631
7637
7641
7660
7675
7680
7693
7698
7700
7715
7728
7737
7754
7755
7761
7762
7786
7791
7799
7800
7826
7833
7834
7845
7853
7854
7864
7873
7879
7881
7886
7898
7916
7920
7926
7926
7934
7947
7951
7964
7980
7981
7991
7996
8005
8013
8021
8022
8043
8044
8045
8062
8063
8076
8118
8118
8120
8125
8127
8133
8135
8141
8174
8190
8209
8211
8212
8222
8224
8232
8232
8243
8251
8257
8257
8272
8273
8283
8289
8296
8302
8304
8308
8314
8326
8329
8337
8377
8400
8418
8420
8430
8430
8442
8448
8459
8463
8464
8466
8470
8472
8484
8490
8500
8514
8522
8526
8547
8551
8552
8559
8574
8575
8577
8579
8579
8596
8600
8627
8656
8657
8658
8665
8665
8672
8683
8690
8697
8698
8704
8706
8716
8718
8723
8728
8731
8732
8754
8769
8770
8773
8778
8786
8798
8841
8851
8863
8866
8866
8878
8880
8890
8895
8897
8908
8910
8910
8920
8921
8922
8930
8944
8947
8954
8970
8974
8984
8986
8990
8996
9000
9000
9002
9020
9030
9037
9045
9046
9054
9059
9078
9081
9095
9096
9109
9122
9124
9129
9134
9135
9143
9147
9160
9167
9179
9194
9220
9236
9256
9259
9266
9279
9284
9284
9286
9289
9303
9305
9317
9323
9334
9341
9342
9343
9346
9347
9352
9354
9364
9377
9383
9389
9390
9396
9405
9405
9405
9406
9411
9436
9443
9474
9476
9477
9480
9490
9497
9502
9503
9513
9513
9514
9515
9547
9563
9565
9575
9581
9594
9607
9608
9619
9621
9632
9638
9643
9646
9649
9662
9674
9677
9679
9689
9722
9722
9725
9735
9750
9752
9764
9767
9773
9775
9781
9781
9783
9785
9787
9794
9794
9800
9810
9813
9836
9851
9854
9856
9858
9875
9891
9892
9896
9899
9906
9911
9918
9924
9929
9932
9935
9944
9951
9957
9964
9966
9966
9972
9973
10004
10012
10032
10036
10041
10049
10067
10067
10068
10080
10083
10088
10094
10111
10121
10141
10149
10149
10158
10170
10176
10177
10180
10182
10199
10217
10227
10228
10233
10233
10234
10251
10285
10285
10289
10312
10318
10330
10343
10344
10345
10350
10350
10353
10354
10378
10384
10386
10395
10409
10425
10430
10439
10440
10447
10452
10455
10466
10470
10471
10473
10476
10480
10495
10499
10501
10513
10514
10524
10530
10535
10552
10561
10567
10570
10584
10586
10597
10629
10632
10658
10675
10706
10717
10732
10733
10736
10743
10756
10782
10787
10794
10797
10802
10829
10839
10842
10843
10857
10866
10866
10869
10874
10883
10887
10888
10890
10898
10899
10901
10902
10921
10936
10937
10940
10940
10944
10944
10960
10979
10982
10986
10988
10988
10991
11001
11011
11048
11053
11056
11057
11065
11079
11082
11087
11101
11108
11124
11126
11132
11154
11157
11172
11173
11175
11175
11183
11187
11192
11208
11216
11222
11223
11253
11255
11285
11290
11302
11303
11306
11313
11321
11322
11337
11342
11369
11375
11375
11376
11379
11382
11398
11402
11404
11404
11413
11415
11453
11463
11466
11507
11509
11510
11534
11544
11553
11564
11574
11576
11579
11588
11625
11640
11646
11660
11662
11674
11677
11687
11694
11702
11720
11733
11742
11754
11759
11767
11770
11771
11774
11782
11786
11793
11801
11807
11809
11818
11829
11836
11838
11842
11846
11849
11854
11856
11863
11868
11869
11881
11895
11901
11910
11911
11923
11924
11926
11927
11937
11951
11955
11974
11979
11990
11991
12005
12011
12012
12015
12034
12040
12050
12055
12058
12065
12074
12089
12091
12113
12121
12124
12127
12128
12147
12176
12189
12191
12193
12204
12213
12220
12240
12251
12259
12260
12262
12267
12269
12281
12284
12287
12295
12302
12306
12317
12320
12326
12345
12345
12359
12381
12381
12382
12383
12386
12393
12406
12407
12409
12412
12422
12430
12432
12432
12445
12450
12459
12462
12465
12469
12475
12478
12492
12500
12504
12511
12512
12517
12520
12568
12578
12578
12583
12589
12591
12599
12601
12601
12602
12609
12639
12641
12644
12665
12667
12679
12684
12687
12691
12708
12721
12723
12736
12755
12767
12775
12800
12801
12801
12809
12810
12811
12830
12859
12870
12872
12876
12888
12895
12901
12922
12930
12953
12961
12971
12975
12996
13005
13005
13009
13014
13044
13048
13058
13088
13103
13105
13117
13145
13150
13152
13158
13175
13179
13184
13194
13200
13202
13207
13218
13226
13229
13231
13248
13251
13254
13267
13304
13322
13324
13328
13347
13347
13352
13355
13358
13359
13360
13360
13398
13407
13416
13432
13439
13440
13441
13444
13447
13454
13456
13461
13465
13468
13476
13485
13488
13489
13489
13493
13495
13498
13516
13523
13526
13533
13542
13551
13569
13576
13576
13582
13586
13591
13597
13617
13626
13647
13650
13651
13653
13664
13667
13679
13680
13682
13683
13684
13703
13704
13709
13721
13724
13728
13732
13753
13787
13794
13807
13810
13822
13825
13826
13828
13828
13832
13839
13853
13858
13860
13860
13879
13879
13880
13891
13894
13914
13918
13929
13930
13941
13947
13947
13956
13967
13982
13988
13991
13995
14019
14020
14047
14049
14053
14060
14061
14071
14079
14087
14089
14094
14104
14105
14109
14110
14110
14112
14158
14166
14182
14183
14205
14216
14217
14222
14236
14245
14252
14254
14260
14273
14286
14291
14317
14322
14324
14327
14328
14333
14348
14350
14356
14365
14374
14382
14382
14384
14395
14406
14418
14418
14431
14435
14437
14465
14473
14474
14497
14503
14504
14507
14511
14525
14534
14545
14547
14555
14567
14568
14586
14613
14649
14650
14655
14672
14686
14691
14695
14704
14712
14718
14742
14745
14767
14770
14782
14799
14800
14806
14823
14826
14834
14849
14850
14852
14857
14859
14867
14869
14876
14885
14886
14912
14924
14931
14937
14940
14943
14944
14950
14955
14960
14961
14978
14994
14995
15021
15061
15069
15072
15074
15082
15093
15096
15112
15119
15119
15129
15133
15143
15153
15160
15161
15203
15208
15212
15233
15259
15278
15301
15302
15304
15307
15313
15317
15323
15329
15340
15341
15346
15351
15357
15366
15370
15383
15393
15397
15397
15403
15438
15444
15454
15456
15480
15482
15482
15483
15491
15496
15502
15509
15513
15514
15521
15531
15534
15570
15577
15583
15585
15585
15585
15595
15595
15598
15624
15629
15667
15668
15679
15684
15685
15687
15696
15702
15706
15715
15726
15731
15737
15738
15752
15758
15766
15767
15767
15773
15779
15790
15823
15840
15841
15843
15845
15848
15849
15853
15860
15866
15870
15885
15891
15915
15915
15924
15926
15942
15943
15948
15951
15953
15957
15958
15962
15971
15975
15981
15981
15988
15991
15999
16027
16027
16029
16029
16032
16036
16038
16041
16046
16054
16064
16076
16078
16081
16087
16094
16099
16118
16121
16121
16122
16127
16135
16138
16138
16138
16143
16164
16175
16176
16179
16187
16195
16205
16210
16215
16221
16227
16230
16233
16248
16258
16263
16274
16276
16278
16278
16278
16282
16286
16288
16297
16299
16304
16316
16341
16345
16347
16368
16380
16381
16387
16401
16401
16413
16426
16436
16454
16455
16465
16474
16482
16501
16517
16518
16519
16523
16530
16541
16549
16560
16573
16575
16577
16587
16587
16591
16591
16593
16630
16630
16635
16670
16680
16681
16682
16686
16697
16700
16704
16709
16754
16755
16760
16763
16771
16780
16782
16790
16799
16807
16811
16815
16819
16829
16833
16853
16855
16857
16860
16862
16868
16882
16890
16892
16892
16905
16910
16921
16923
16927
16934
16944
16948
16964
16968
16972
16973
16984
16986
17000
17008
17015
17029
17051
17060
17067
17072
17086
17098
17103
17112
17117
17117
17136
17169
17184
17187
17197
17200
17214
17228
17231
17233
17244
17245
17249
17253
17274
17278
17292
17308
17313
17315
17315
17322
17323
17326
17326
17347
17377
17379
17390
17390
17395
17404
17414
17420
17433
17434
17437
17443
17451
17479
17486
17512
17525
17538
17544
17549
17551
17559
17562
17563
17568
17572
17574
17579
17587
17601
17608
17614
17621
17641
17663
17670
17678
17679
17680
17680
17685
17685
17694
17699
17715
17735
17737
17763
17764
17766
17795
17797
17807
17809
17814
17833
17836
17846
17854
17857
17867
17873
17892
17894
17904
17915
17946
17954
17977
17978
17995
17996
18002
18003
18009
18012
18026
18030
18032
18032
18062
18064
18071
18078
18091
18109
18110
18111
18113
18127
18132
18134
18156
18156
18156
18165
18175
18179
18194
18196
18205
18214
18216
18216
18222
18235
18235
18238
18254
18262
18264
18271
18274
18276
18284
18309
18313
18314
18327
18337
18340
18345
18351
18352
18360
18366
18369
18371
18376
18381
18392
18407
18407
18410
18414
18417
18419
18424
18427
18429
18439
18439
18445
18452
18464
18481
18487
18508
18514
18517
18528
18550
18551
18559
18561
18576
18594
18602
18614
18619
18624
18636
18639
18642
18660
18671
18671
18672
18676
18686
18690
18692
18692
18693
18696
18697
18697
18716
18717
18738
18738
18751
18756
18763
18770
18773
18774
18780
18795
18795
18802
18809
18812
18829
18834
18867
18875
18910
18916
18928
18938
18973
18976
18986
19002
19002
19029
19035
19040
19046
19064
19068
19085
19085
19086
19099
19103
19104
19108
19117
19124
19125
19126
19130
19132
19168
19177
19186
19203
19215
19224
19248
19260
19266
19270
19276
19283
19286
19287
19312
19317
19319
19345
19363
19374
19390
19390
19399
19418
19429
19429
19447
19461
19500
19501
19507
19515
19519
19525
19529
19533
19538
19545
19547
19548
19554
19554
19554
19560
19576
19600
19642
19642
19649
19657
19660
19669
19675
19680
19680
19686
19712
19715
19718
19732
19755
19756
19781
19785
19808
19811
19821
19822
19837
19840
19843
19847
19856
19860
19880
19883
19885
19897
19919
19924
19963
19963
20002
20011
20016
20054
20059
20066
20067
20069
20074
20074
20075
20075
20076
20078
20078
20095
20107
20116
20118
20129
20137
20138
20139
20146
20147
20157
20160
20179
20193
20195
20199
20201
20202
20204
20216
20220
20226
20228
20241
20250
20252
20271
20283
20284
20287
20290
20290
20293
20302
20304
20332
20332
20333
20351
20361
20393
20396
20401
20407
20411
20433
20434
20436
20461
20461
20476
20476
20487
20500
20500
20504
20510
20529
20535
20551
20561
20565
20587
20596
20600
20601
20605
20645
20648
20661
20666
20675
20677
20691
20698
20699
20701
20713
20717
20718
20722
20727
20730
20736
20738
20755
20789
20793
20819
20827
20839
20840
20844
20846
20889
20893
20894
20900
20905
20925
20965
20966
20972
20973
20985
20985
20987
20988
20991
21001
21005
21016
21017
21024
21031
21034
21048
21048
21052
21083
21084
21086
21090
21093
21097
21101
21103
21104
21115
21129
21138
21141
21143
21144
21177
21207
21218
21226
21232
21233
21233
21245
21248
21252
21255
21258
21265
21271
21287
21291
21332
21339
21344
21349
21352
21356
21359
21373
21375
21381
21386
21403
21412
21413
21422
21425
21426
21432
21444
21450
21451
21454
21469
21490
21493
21495
21496
21500
21509
21512
21530
21531
21543
21549
21549
21552
21553
21574
21579
21580
21581
21593
21617
21665
21676
21682
21689
21698
21700
21703
21705
21708
21720
21722
21730
21741
21755
21761
21764
21780
21785
21791
21795
21831
21838
21840
21841
21862
21862
21878
21889
21899
21904
21904
21912
21914
21916
21929
21936
21987
21994
22017
22048
22051
22052
22058
22064
22065
22120
22131
22133
22147
22150
22153
22172
22181
22181
22195
22207
22210
22229
22232
22243
22248
22255
22256
22275
22280
22295
22299
22308
22319
22336
22343
22347
22351
22359
22367
22371
22376
22387
22393
22414
22424
22427
22431
22433
22440
22447
22454
22456
22472
22475
22482
22487
22489
22492
22496
22500
22507
22513
22526
22531
22535
22535
22543
22547
22551
22558
22564
22568
22579
22587
22588
22597
22604
22604
22610
22619
22633
22640
22647
22651
22653
22661
22663
22666
22671
22671
22692
22709
22713
22733
22737
22738
22770
22774
22778
22779
22784
22786
22793
22800
22821
22828
22835
22837
22838
22843
22846
22865
22865
22883
22886
22889
22894
22895
22912
22918
22921
22922
22934
22941
22943
22951
22960
22963
22969
22973
22979
22995
22999
23019
23035
23061
23073
23074
23076
23078
23078
23079
23084
23094
23103
23107
23124
23124
23127
23132
23143
23155
23172
23173
23175
23179
23179
23182
23186
23196
23196
23207
23211
23212
23244
23264
23270
23274
23286
23290
23296
23302
23305
23317
23326
23328
23335
23338
23343
23379
23390
23395
23400
23404
23414
23426
23427
23431
23451
23457
23469
23490
23496
23511
23514
23524
23527
23531
23537
23548
23550
23570
23580
23583
23593
23599
23602
23623
23637
23659
23676
23680
23684
23690
23699
23712
23721
23742
23743
23748
23755
23763
23772
23782
23800
23801
23804
23812
23818
23818
23832
23832
23835
23836
23851
23853
23870
23877
23877
23890
23891
23904
23906
23909
23921
23936
23949
23961
23969
23973
23976
23979
23982
23991
24018
24035
24037
24061
24064
24066
24068
24076
24079
24083
24085
24090
24097
24099
24107
24115
24122
24123
24123
24142
24149
24150
24153
24162
24177
24179
24180
24184
24207
24219
24220
24223
24235
24235
24241
24242
24245
24247
24248
24248
24259
24275
24286
24292
24311
24359
24369
24370
24370
24375
24376
24376
24380
24381
24419
24433
24438
24451
24468
24474
24489
24500
24501
24544
24556
24563
24565
24570
24576
24625
24637
24655
24659
24671
24677
24682
24682
24683
24688
24702
24711
24725
24743
24749
24759
24769
24772
24784
24787
24791
24811
24813
24815
24819
24825
24845
24847
24854
24859
24870
24890
24897
24899
24900
24920
24922
24940
24946
24959
24960
24969
24972
24974
24978
24983
25011
25029
25029
25034
25037
25042
25048
25050
25065
25073
25075
25083
25084
25087
25088
25091
25100
25122
25132
25135
25142
25142
25146
25155
25157
25158
25168
25171
25177
25186
25197
25204
25207
25215
25219
25220
25223
25225
25232
25245
25255
25257
25258
25259
25267
25271
25284
25288
25300
25316
25328
25340
25346
25350
25361
25367
25371
25378
25381
25384
25397
25399
25405
25406
25408
25418
25419
25432
25432
25439
25443
25461
25467
25494
25511
25538
25545
25554
25556
25561
25563
25563
25572
25576
25578
25582
25585
25588
25589
25599
25602
25609
25611
25612
25615
25615
25617
25617
25642
25655
25660
25660
25663
25668
25670
25673
25680
25689
25691
25716
25730
25739
25741
25742
25748
25752
25752
25757
25759
25764
25768
25769
25775
25783
25795
25801
25809
25813
25818
25841
25843
25849
25854
25855
25858
25881
25882
25885
25894
25897
25897
25900
25904
25912
25918
25938
25942
25966
25970
26007
26014
26031
26057
26062
26068
26078
26083
26090
26091
26099
26114
26118
26136
26151
26151
26154
26166
26176
26209
26210
26214
26220
26221
26246
26250
26252
26267
26268
26272
26280
26285
26286
26287
26292
26303
26309
26335
26380
26381
26396
26398
26408
26414
26416
26423
26428
26439
26448
26466
26501
26510
26513
26520
26534
26543
26544
26555
26573
26581
26583
26588
26602
26602
26615
26626
26628
26640
26660
26666
26672
26675
26676
26683
26694
26700
26704
26709
26712
26737
26749
26752
26754
26783
26786
26786
26799
26803
26817
26853
26854
26857
26870
26901
26904
26912
26940
26941
26947
26957
26957
26957
26958
26962
26976
26976
27003
27016
27017
27028
27028
27033
27052
27059
27071
27088
27099
27105
27141
27145
27158
27164
27166
27167
27192
27196
27221
27253
27262
27262
27262
27269
27275
27278
27280
27300
27303
27314
27317
27317
27320
27323
27332
27343
27344
27352
27362
27377
27389
27394
27422
27422
27424
27428
27439
27453
27461
27464
27483
27489
27507
27509
27511
27520
27540
27540
27543
27558
27581
27584
27588
27599
27612
27620
27644
27644
27660
27663
27663
27669
27676
27691
27702
27704
27709
27710
27722
27732
27735
27738
27747
27751
27756
27766
27769
27784
27785
27785
27786
27792
27796
27801
27805
27810
27815
27818
27836
27844
27847
27850
27854
27878
27888
27891
27894
27927
27932
27941
27968
27973
27981
27981
28000
28003
28013
28016
28017
28022
28022
28034
28038
28047
28063
28066
28088
28100
28128
28139
28164
28179
28187
28204
28206
28207
28210
28219
28228
28238
28252
28255
28268
28287
28288
28292
28292
28302
28305
28307
28311
28323
28327
28342
28351
28362
28371
28380
28381
28386
28405
28416
28418
28426
28427
28435
28455
28457
28465
28470
28474
28484
28490
28491
28495
28498
28498
28501
28512
28517
28523
28544
28558
28567
28569
28572
28593
28595
28600
28623
28629
28633
28633
28637
28640
28649
28657
28658
28660
28664
28665
28681
28683
28695
28717
28726
28728
28732
28734
28763
28788
28805
28806
28809
28811
28812
28812
28843
28854
28858
28873
28874
28874
28891
28896
28902
28915
28919
28927
28931
28931
28934
28935
28940
28946
28948
28951
28975
28984
28986
28992
28994
29013
29018
29022
29048
29052
29053
29055
29060
29061
29063
29063
29078
29080
29094
29112
29113
29117
29124
29129
29158
29158
29159
29165
29167
29188
29206
29219
29226
29241
29249
29266
29268
29273
29278
29285
29288
29299
29302
29312
29331
29334
29346
29347
29348
29353
29358
29366
29370
29373
29374
29376
29391
29396
29397
29404
29404
29425
29428
29429
29433
29439
29439
29467
29477
29487
29488
29499
29529
29532
29540
29548
29558
29559
29569
29571
29591
29592
29602
29604
29612
29614
29619
29619
29620
29638
29639
29640
29662
29676
29704
29708
29722
29733
29761
29803
29816
29826
29827
29837
29845
29845
29852
29861
29865
29873
29876
29889
29889
29896
29913
29914
29920
29922
29927
29941
29944
29944
29944
29946
29952
29953
29954
29956
29967
29988
29990
30021
30037
30038
30041
30046
30076
30079
30089
30138
30144
30146
30160
30164
30179
30184
30191
30193
30193
30199
30209
30210
30211
30214
30232
30234
30236
30247
30254
30266
30269
30288
30304
30334
30347
30358
30359
30360
30368
30380
30383
30390
30395
30397
30401
30403
30405
30411
30413
30420
30423
30431
30435
30442
30443
30454
30458
30469
30475
30480
30485
30486
30488
30491
30492
30539
30543
30547
30553
30553
30568
30590
30591
30595
30603
30605
30613
30620
30627
30628
30635
30639
30639
30669
30673
30675
30680
30685
30688
30698
30703
30709
30710
30721
30731
30734
30739
30760
30761
30772
30773
30795
30796
30800
30813
30813
30816
30833
30849
30850
30860
30861
30863
30882
30883
30884
30906
30918
30932
30941
30960
30970
30974
30978
30984
30994
31007
31017
31019
31019
31023
31032
31040
31041
31043
31075
31076
31084
31089
31096
31117
31127
31127
31130
31140
31145
31150
31158
31166
31174
31179
31185
31200
31209
31213
31223
31229
31237
31244
31260
31272
31274
31276
31288
31301
31304
31310
31315
31320
31323
31323
31329
31333
31334
31336
31339
31348
31354
31356
31366
31370
31384
31385
31387
31399
31411
31423
31428
31430
31445
31456
31457
31460
31475
31484
31486
31486
31489
31490
31493
31504
31510
31514
31520
31521
31526
31530
31534
31543
31559
31561
31596
31596
31604
31606
31610
31614
31621
31622
31639
31667
31678
31686
31690
31692
31694
31724
31727
31731
31738
31744
31762
31766
31796
31801
31809
31819
31819
31844
31846
31861
31865
31872
31882
31897
31910
31918
31920
31928
31937
31940
31954
31958
31979
31991
31997
32004
32007
32018
32030
32038
32045
32054
32065
32066
32074
32101
32107
32114
32123
32124
32147
32152
32161
32187
32198
32201
32204
32205
32208
32227
32228
32228
32233
32251
32252
32262
32262
32263
32289
32291
32332
32334
32336
32338
32343
32345
32349
32350
32370
32379
32392
32399
32400
32406
32410
32428
32441
32445
32459
32477
32482
32489
32491
32493
32494
32496
32504
32511
32512
32512
32527
32552
32561
32570
32575
32576
32580
32589
32606
32627
32639
32645
32657
32665
32668
32677
32680
32686
32688
32716
32717
32718
32721
32725
32733
32739
32744
32755
32755
32766
