8
3 4 -9 -10 -5 4 2 1
16
-5 4 0 7 -1 1 8 9 -10 2 -5 -1 -1 9 10 -2
32
0 -7 -10 -2 -8 -3 10 -8 4 -10 2 6 2 4 -8 0 -3 -9 -1 10 7 6 -7 7 -8 -8 1 3 4 6 0 9
64
3 -10 -10 7 0 9 -7 2 9 2 -10 2 -2 -5 4 2 -1 -2 -5 2 7 0 7 10 -5 2 -4 4 -6 10 7 9 10 7 -6 7 -2 -8 -10 1 -10 9 -7 -1 -9 -2 -10 -8 -5 -8 -3 5 7 -6 -9 9 -8 9 8 1 10 8 1 -4
128
-10 -5 -1 5 -1 -4 10 -5 -6 4 -6 -10 5 -4 -1 2 -2 -6 -10 -4 -6 9 -5 -5 -8 -9 5 3 -1 0 -4 -10 10 6 -4 -2 -6 -3 -3 7 -7 4 -7 4 -10 -2 5 -4 -2 -9 -5 3 8 9 -1 0 5 -9 0 -3 -9 -3 -9 -9 4 7 -7 5 7 5 -8 -5 -3 10 0 -4 -7 9 1 -8 5 -2 -6 10 -5 -2 -4 5 -3 -6 -10 3 -8 5 -7 -5 8 -6 5 -5 -8 9 2 7 -1 4 7 3 -7 0 3 0 10 -7 4 -10 -10 8 -4 -7 9 5 -10 -9 -6 10 -3 0
256
-4 -2 3 2 6 6 5 -7 5 -1 -8 8 -10 4 10 6 -6 5 5 -4 -9 -1 3 -5 7 3 -3 7 -5 -2 9 0 6 -8 4 6 -2 -5 4 -8 10 -8 4 10 3 -10 -2 -1 1 -9 -8 -3 1 5 7 -7 -1 3 2 -2 6 -3 -6 7 -10 -1 -6 -2 1 -6 0 4 -1 -5 -8 3 -9 -5 -2 -5 -10 10 8 6 -1 -1 -10 9 8 -3 1 7 -3 9 4 8 -3 -5 -7 -9 -3 5 -7 10 7 0 9 2 -3 3 -8 2 4 7 8 -8 5 -10 10 -7 -3 -10 4 -3 5 -2 7 -6 -4 -5 -3 -7 -7 9 -5 10 6 -2 -3 -9 7 -2 0 9 -4 10 8 -9 -6 4 7 8 -6 10 3 -6 -8 -7 6 -5 4 -2 -2 8 8 4 5 -4 -4 3 4 -8 -8 -2 3 0 10 -7 -8 4 6 -7 1 0 1 -8 -3 -1 -6 -10 -10 -8 1 3 1 -10 -2 1 4 -5 -10 9 9 6 -5 -6 -2 4 6 -8 8 -9 2 -1 8 6 -9 -10 -10 -4 -10 3 -10 -7 -2 9 0 10 8 10 -9 -2 -4 -8 4 -9 4 -8 -10 -4 2 4 7 10 -6 -3 -1 -5 4 0 8 1 -9 -9 -10 -7
