1 544 32
1 329 41
1 460 11
2 624 33
2 76 26
2 382 39
3 329 22
3 262 30
3 664 49
4 616 5
4 54 8
4 184 46
5 186 39
5 241 5
5 123 24
6 449 25
6 398 20
6 588 8
7 501 1
7 12 20
7 269 12
8 208 20
8 188 22
8 402 41
9 338 18
9 520 40
9 474 4
10 408 48
10 273 3
10 659 26
11 293 13
11 33 9
11 337 13
12 228 7
12 198 19
12 464 0
13 505 29
13 660 5
13 296 43
14 724 43
14 717 45
14 492 29
15 677 23
15 290 29
15 130 30
16 543 47
16 253 41
16 188 24
17 576 35
17 496 44
17 306 41
18 531 22
18 114 13
18 158 3
19 519 38
19 625 23
19 234 31
20 560 36
20 617 26
20 141 25
21 494 18
21 212 18
21 214 7
22 157 34
22 646 42
22 202 14
23 630 36
23 206 5
23 513 32
24 335 8
24 499 30
24 146 19
25 363 36
25 320 38
25 639 43
26 293 21
26 40 2
26 386 7
27 15 34
27 48 26
27 277 48
28 454 0
28 711 47
28 125 1
29 511 9
29 161 5
29 347 10
30 659 22
30 473 1
30 353 50
31 210 48
31 227 2
31 478 24
32 587 15
32 37 33
32 460 16
33 667 47
33 654 0
33 596 31
34 68 34
34 309 29
34 438 15
35 676 42
35 682 46
35 56 2
36 190 26
36 649 36
36 134 7
37 651 30
37 633 9
37 364 13
38 523 45
38 369 44
38 387 49
39 34 44
39 606 1
39 345 2
40 729 49
40 383 2
40 27 32
41 184 19
41 273 33
41 173 22
42 48 25
42 290 0
42 562 17
43 161 3
43 114 28
43 57 46
44 261 20
44 701 34
44 615 32
45 409 26
45 200 29
45 291 20
46 607 47
46 556 41
46 686 26
47 343 12
47 24 17
47 706 46
48 125 34
48 449 27
48 337 8
49 642 46
49 526 25
49 475 19
50 488 1
50 417 28
50 498 19
51 193 14
51 711 33
51 264 36
52 312 22
52 523 37
52 656 28
53 318 31
53 448 20
53 584 13
54 505 25
54 428 30
54 432 2
55 60 2
55 222 16
55 172 31
56 423 45
56 585 4
56 198 11
57 367 1
57 439 37
57 377 44
58 297 12
58 528 20
58 33 42
59 707 31
59 533 10
59 520 44
60 332 4
60 162 8
60 370 23
61 728 40
61 545 44
61 201 13
62 487 19
62 96 6
62 362 41
63 54 39
63 527 13
63 146 11
64 278 5
64 273 47
64 567 1
65 311 20
65 450 10
65 246 33
66 359 32
66 674 14
66 423 27
67 90 3
67 268 21
67 425 1
68 496 17
68 173 16
68 149 12
69 693 40
69 203 33
69 73 13
70 165 19
70 380 4
70 354 4
71 498 21
71 49 33
71 583 18
72 421 29
72 306 38
72 31 38
73 600 24
73 61 9
73 603 40
74 270 13
74 337 22
74 165 26
75 77 26
75 712 4
75 210 24
76 368 11
76 543 4
76 334 43
77 699 20
77 202 21
77 79 43
78 346 34
78 340 40
78 306 17
79 612 13
79 35 40
79 632 28
80 406 49
80 382 21
80 687 26
81 376 33
81 553 36
81 639 8
82 108 48
82 171 40
82 507 34
83 262 40
83 698 0
83 458 43
84 135 4
84 177 6
84 312 17
85 582 30
85 243 50
85 225 1
86 325 21
86 506 41
86 46 20
87 483 25
87 718 32
87 6 4
88 652 36
88 193 39
88 690 0
89 671 6
89 487 43
89 712 9
90 628 15
90 245 31
90 260 13
91 540 12
91 127 26
91 479 34
92 124 43
92 403 12
92 635 3
93 115 17
93 449 27
93 648 43
94 75 42
94 441 7
94 685 38
95 42 48
95 43 29
95 153 13
96 228 34
96 634 13
96 708 24
97 613 5
97 343 15
97 55 43
98 201 17
98 156 37
98 248 20
99 343 47
99 332 9
99 173 27
100 549 35
100 456 42
100 687 23
101 472 10
101 381 41
101 673 7
102 724 23
102 167 25
102 137 10
103 606 7
103 492 1
103 112 1
104 240 37
104 163 34
104 285 7
105 131 27
105 624 35
105 467 3
106 581 13
106 235 37
106 216 49
107 36 37
107 479 0
107 221 43
108 281 35
108 287 41
108 44 5
109 292 25
109 539 35
109 243 6
110 334 39
110 98 18
110 382 26
111 248 35
111 121 36
111 409 37
112 348 32
112 454 38
112 542 8
113 105 12
113 589 8
113 261 12
114 423 28
114 20 4
114 294 30
115 43 9
115 375 28
115 334 47
116 18 31
116 532 32
116 623 25
117 136 5
117 690 0
117 574 11
118 175 47
118 203 40
118 28 9
119 364 15
119 470 14
119 481 12
120 690 0
120 534 50
120 495 0
121 658 6
121 223 8
121 106 2
122 714 38
122 379 20
122 86 0
123 702 50
123 289 13
123 610 11
124 362 49
124 260 29
124 20 9
125 229 27
125 603 10
125 483 5
126 317 26
126 634 24
126 79 26
127 468 25
127 596 2
127 314 10
128 289 10
128 324 11
128 639 0
129 322 19
129 173 25
129 584 0
130 554 1
130 519 30
130 138 4
131 128 43
131 343 23
131 188 30
132 693 38
132 435 43
132 115 24
133 208 34
133 633 47
133 434 50
134 291 3
134 122 5
134 146 23
135 344 46
135 62 32
135 707 7
136 85 18
136 530 45
136 541 33
137 341 32
137 105 7
137 120 41
138 582 27
138 1 4
138 260 34
139 588 28
139 145 35
139 573 43
140 46 11
140 170 19
140 444 35
141 549 49
141 236 18
141 505 13
142 445 45
142 360 42
142 570 7
143 526 43
143 73 7
143 106 12
144 418 34
144 394 33
144 489 35
145 380 34
145 282 44
145 638 43
146 106 21
146 274 21
146 265 34
147 343 14
147 365 46
147 570 27
148 543 48
148 412 20
148 315 37
149 459 29
149 702 41
149 172 36
150 341 37
150 65 34
150 234 33
151 150 4
151 672 47
151 402 48
152 420 27
152 502 30
152 291 43
153 273 6
153 474 48
153 88 29
154 494 32
154 704 27
154 515 38
155 329 6
155 405 50
155 553 3
156 1 30
156 118 8
156 238 41
157 395 31
157 25 48
157 502 35
158 219 45
158 595 30
158 692 35
159 498 46
159 605 36
159 192 37
160 600 40
160 489 25
160 229 27
161 252 5
161 142 17
161 475 27
162 4 30
162 148 23
162 510 4
163 105 47
163 447 31
163 260 23
164 528 49
164 324 10
164 2 39
165 113 47
165 169 45
165 612 28
166 19 31
166 510 17
166 630 33
167 117 49
167 332 13
167 677 10
168 649 9
168 323 16
168 321 7
169 589 47
169 632 6
169 311 42
170 514 2
170 293 31
170 527 16
171 319 10
171 674 28
171 337 44
172 116 17
172 608 49
172 107 5
173 645 33
173 378 2
173 199 24
174 405 5
174 245 38
174 633 32
175 70 40
175 136 7
175 146 9
176 591 1
176 24 8
176 449 4
177 175 45
177 699 20
177 642 38
178 203 24
178 644 10
178 709 36
179 282 34
179 243 20
179 124 34
180 204 48
180 121 37
180 89 41
181 163 8
181 293 9
181 641 36
182 202 3
182 359 15
182 516 21
183 240 37
183 444 50
183 295 13
184 348 19
184 713 31
184 296 47
185 689 10
185 249 20
185 173 42
186 225 47
186 477 14
186 686 47
187 156 4
187 111 50
187 22 37
188 397 48
188 251 44
188 87 16
189 205 22
189 582 3
189 201 29
190 455 12
190 587 30
190 720 10
191 571 41
191 552 2
191 674 4
192 447 14
192 111 2
192 473 24
193 126 5
193 34 19
193 557 29
194 586 43
194 509 33
194 361 12
195 167 42
195 699 3
195 28 22
196 542 49
196 190 44
196 509 41
197 56 18
197 219 29
197 463 19
198 215 15
198 358 3
198 538 2
199 373 19
199 712 2
199 217 29
200 524 11
200 676 8
200 434 11
201 474 50
201 529 8
201 697 11
202 274 28
202 257 8
202 346 8
203 431 19
203 646 18
203 44 29
204 387 5
204 282 36
204 706 2
205 94 9
205 229 39
205 97 19
206 573 8
206 576 17
206 690 10
207 62 6
207 187 37
207 366 16
208 220 9
208 673 44
208 208 11
209 265 16
209 96 9
209 15 31
210 236 31
210 429 7
210 520 50
211 466 14
211 38 29
211 122 42
212 588 45
212 577 18
212 15 46
213 495 47
213 390 35
213 193 32
214 415 4
214 208 14
214 685 36
215 709 4
215 591 35
215 428 48
216 70 45
216 125 37
216 23 9
217 654 3
217 365 16
217 37 34
218 303 18
218 358 17
218 455 33
219 240 28
219 609 37
219 86 10
220 689 28
220 533 8
220 225 16
221 242 17
221 133 18
221 206 28
222 312 44
222 289 44
222 594 6
223 632 19
223 260 47
223 584 8
224 556 47
224 407 25
224 398 35
225 331 29
225 532 0
225 522 46
226 523 35
226 356 41
226 352 10
227 331 33
227 193 36
227 428 22
228 241 37
228 18 39
228 712 32
229 19 16
229 497 37
229 349 14
230 97 3
230 362 7
230 489 9
231 167 43
231 220 6
231 130 32
232 39 4
232 109 44
232 386 19
233 544 7
233 121 49
233 247 8
234 421 33
234 685 47
234 587 35
235 284 18
235 251 29
235 473 49
236 534 33
236 287 6
236 290 32
237 565 18
237 466 5
237 410 31
238 349 35
238 407 32
238 25 4
239 292 46
239 344 13
239 486 21
240 148 17
240 418 30
240 651 7
241 634 43
241 347 15
241 309 14
242 331 15
242 188 13
242 532 10
243 9 40
243 429 5
243 152 18
244 323 35
244 608 44
244 179 45
245 650 50
245 462 29
245 178 47
246 628 40
246 345 16
246 183 49
247 221 23
247 64 20
247 628 47
248 221 37
248 403 43
248 252 13
249 63 27
249 356 16
249 69 45
250 475 32
250 364 28
250 582 27
251 500 17
251 715 10
251 649 1
252 647 43
252 667 41
252 579 33
253 152 2
253 691 36
253 333 47
254 366 16
254 463 2
254 343 38
255 498 48
255 484 44
255 644 16
256 102 44
256 348 11
256 195 12
257 77 20
257 135 41
257 56 36
258 341 49
258 312 16
258 303 46
259 313 14
259 461 19
259 563 26
260 704 37
260 243 42
260 673 32
261 594 9
261 348 19
261 164 34
262 644 22
262 655 10
262 199 19
263 262 44
263 290 40
263 172 10
264 419 27
264 605 31
264 51 19
265 35 30
265 706 19
265 177 38
266 563 39
266 196 12
266 701 16
267 528 19
267 227 29
267 592 36
268 495 30
268 21 44
268 702 14
269 78 47
269 449 50
269 498 3
270 418 19
270 197 30
270 414 33
271 243 3
271 357 0
271 486 30
272 559 9
272 169 50
272 317 31
273 706 18
273 695 9
273 557 39
274 102 34
274 299 48
274 475 24
275 238 39
275 331 32
275 59 32
276 602 12
276 612 2
276 546 6
277 85 28
277 68 20
277 47 1
278 610 0
278 314 41
278 488 18
279 332 29
279 368 41
279 179 20
280 11 27
280 225 39
280 228 46
281 626 47
281 640 9
281 259 20
282 639 24
282 482 3
282 156 31
283 74 3
283 362 42
283 725 46
284 382 27
284 146 14
284 22 30
285 291 7
285 670 26
285 355 3
286 443 28
286 598 48
286 643 20
287 500 43
287 433 0
287 24 18
288 309 44
288 131 4
288 31 13
289 177 37
289 102 3
289 372 38
290 209 24
290 398 9
290 507 6
291 23 7
291 66 0
291 629 43
292 708 4
292 618 27
292 273 37
293 582 16
293 725 27
293 548 2
294 366 49
294 360 1
294 152 26
295 42 44
295 326 2
295 105 41
296 436 43
296 309 46
296 82 40
297 604 26
297 294 39
297 194 27
298 719 13
298 150 29
298 231 40
299 203 41
299 365 14
299 696 13
300 327 44
300 711 50
300 58 20
301 247 50
301 43 29
301 186 12
302 454 24
302 98 50
302 257 17
303 462 46
303 617 37
303 289 46
304 479 6
304 460 13
304 192 5
305 338 6
305 475 20
305 332 42
306 256 14
306 116 42
306 314 49
307 458 49
307 707 12
307 141 2
308 129 23
308 616 7
308 674 22
309 178 43
309 406 20
309 724 9
310 300 44
310 509 50
310 423 11
311 76 8
311 713 24
311 273 12
312 65 26
312 515 43
312 110 43
313 727 8
313 73 34
313 82 35
314 461 34
314 296 29
314 276 13
315 517 15
315 158 31
315 197 20
316 18 39
316 573 7
316 126 17
317 391 39
317 427 2
317 119 7
318 482 30
318 385 2
318 343 43
319 660 24
319 717 18
319 204 28
320 406 37
320 351 44
320 252 22
321 240 33
321 652 15
321 457 20
322 548 16
322 681 34
322 249 37
323 537 25
323 360 46
323 220 27
324 520 6
324 78 18
324 359 25
325 145 44
325 478 5
325 241 1
326 123 28
326 663 38
326 18 46
327 85 2
327 672 48
327 541 22
328 624 3
328 452 3
328 139 12
329 635 38
329 90 0
329 481 6
330 159 31
330 19 43
330 150 28
331 386 20
331 366 12
331 678 43
332 236 1
332 620 5
332 397 16
333 598 12
333 508 43
333 126 23
334 650 10
334 309 22
334 162 45
335 13 2
335 560 44
335 488 0
336 484 3
336 377 0
336 444 16
337 655 44
337 564 45
337 611 3
338 20 6
338 595 22
338 335 37
339 45 34
339 99 19
339 645 6
340 330 18
340 543 19
340 183 25
341 449 5
341 556 21
341 140 47
342 330 38
342 188 19
342 202 4
343 292 19
343 93 31
343 191 6
344 480 9
344 157 13
344 44 0
345 83 25
345 167 24
345 523 12
346 235 14
346 177 2
346 2 39
347 485 31
347 289 0
347 97 33
348 668 1
348 51 22
348 291 31
349 237 4
349 65 26
349 712 6
350 293 19
350 442 47
350 142 25
351 125 15
351 136 30
351 518 50
352 84 29
352 186 0
352 290 35
353 395 12
353 503 21
353 464 30
354 471 29
354 7 15
354 190 43
355 579 35
355 251 19
355 543 2
356 555 6
356 441 31
356 323 46
357 631 12
357 582 32
357 506 22
358 631 48
358 96 41
358 492 43
359 186 8
359 341 49
359 152 23
360 702 32
360 350 15
360 451 48
361 436 32
361 450 15
361 493 36
362 363 37
362 285 45
362 493 28
363 637 14
363 662 27
363 358 14
364 14 35
364 173 20
364 596 18
365 325 23
365 661 8
365 115 14
366 333 31
366 125 11
366 235 42
367 331 30
367 726 35
367 589 6
368 436 15
368 36 15
368 676 14
369 612 12
369 544 9
369 262 25
370 177 46
370 62 19
370 639 1
371 118 45
371 502 49
371 37 50
372 408 18
372 196 9
372 209 50
373 270 46
373 170 6
373 498 13
374 96 2
374 208 26
374 36 17
375 369 32
375 612 42
375 198 2
376 496 10
376 100 42
376 468 11
377 521 44
377 720 43
377 520 19
378 158 43
378 87 46
378 347 33
379 475 16
379 14 42
379 527 31
380 147 3
380 638 48
380 113 48
381 650 23
381 34 21
381 719 14
382 104 7
382 309 23
382 247 29
383 501 26
383 131 7
383 570 25
384 106 42
384 686 7
384 541 8
385 497 13
385 249 28
385 54 49
386 278 32
386 522 15
386 680 41
387 714 18
387 485 27
387 165 30
388 191 34
388 187 46
388 15 15
389 52 34
389 97 19
389 691 17
390 692 35
390 494 19
390 536 16
391 635 12
391 117 43
391 181 25
392 121 39
392 432 32
392 62 17
393 661 41
393 467 28
393 687 14
394 130 41
394 208 38
394 221 21
395 204 22
395 611 31
395 629 3
396 529 37
396 216 37
396 463 33
397 497 7
397 509 29
397 412 32
398 598 2
398 61 40
398 163 26
399 315 18
399 470 38
399 482 33
400 470 43
400 588 47
400 75 37
401 199 8
401 417 0
401 576 20
402 470 32
402 69 4
402 331 15
403 688 43
403 651 38
403 46 50
404 645 34
404 525 14
404 662 15
405 49 4
405 50 22
405 626 41
406 30 45
406 425 11
406 484 30
407 658 5
407 273 25
407 254 41
408 351 43
408 104 10
408 598 4
409 25 27
409 308 21
409 46 35
410 4 9
410 153 45
410 407 11
411 565 24
411 286 2
411 294 47
412 224 46
412 435 9
412 446 27
413 725 1
413 512 49
413 497 5
414 453 15
414 676 38
414 553 26
415 59 5
415 306 35
415 499 7
416 164 32
416 299 14
416 401 37
417 711 39
417 720 2
417 34 20
418 541 4
418 378 36
418 155 10
419 395 18
419 700 35
419 332 10
420 611 4
420 438 28
420 247 11
421 523 30
421 36 46
421 527 26
422 184 26
422 390 17
422 117 4
423 611 2
423 362 29
423 723 48
424 59 49
424 633 40
424 621 7
425 121 5
425 459 50
425 519 27
426 249 39
426 235 14
426 100 29
427 67 0
427 683 30
427 617 26
428 188 40
428 446 15
428 297 27
429 344 4
429 291 24
429 84 31
430 697 31
430 179 19
430 53 1
431 632 47
431 371 19
431 329 43
432 487 27
432 34 48
432 359 10
433 485 16
433 532 17
433 348 40
434 185 27
434 438 33
434 243 14
435 725 3
435 390 34
435 557 37
436 171 35
436 492 33
436 452 7
437 504 9
437 541 25
437 391 2
438 256 10
438 239 25
438 187 38
439 510 8
439 413 12
439 699 19
440 15 13
440 427 38
440 108 22
441 460 49
441 75 49
441 153 50
442 623 41
442 338 19
442 391 0
443 559 44
443 363 0
443 154 26
444 209 13
444 6 21
444 233 45
445 592 10
445 492 6
445 128 42
446 111 4
446 319 8
446 650 26
447 478 13
447 682 6
447 639 11
448 219 47
448 39 27
448 339 3
449 165 1
449 324 3
449 140 4
450 720 42
450 190 14
450 388 19
451 225 42
451 186 47
451 410 28
452 426 46
452 405 9
452 102 24
453 18 37
453 187 24
453 166 3
454 168 49
454 123 45
454 274 6
455 328 32
455 472 46
455 141 49
456 621 22
456 654 13
456 553 40
457 124 31
457 247 27
457 521 22
458 210 40
458 428 28
458 511 34
459 165 50
459 274 44
459 490 33
460 550 12
460 141 50
460 633 33
461 132 39
461 704 22
461 80 4
462 340 6
462 192 25
462 321 31
463 183 9
463 548 4
463 58 6
464 694 18
464 256 35
464 711 50
465 3 4
465 198 0
465 177 24
466 490 5
466 535 24
466 96 48
467 202 12
467 605 48
467 458 3
468 688 8
468 357 50
468 220 22
469 661 28
469 259 36
469 191 30
470 515 31
470 271 8
470 434 45
471 425 48
471 566 46
471 726 2
472 530 14
472 176 4
472 474 17
473 501 20
473 165 28
473 87 21
474 333 2
474 39 6
474 163 39
475 497 3
475 505 7
475 484 28
476 414 9
476 333 9
476 255 38
477 729 30
477 114 5
477 659 48
478 272 23
478 582 13
478 360 50
479 65 24
479 59 8
479 361 44
480 728 18
480 579 19
480 442 1
481 443 31
481 657 50
481 340 20
482 41 21
482 336 27
482 617 48
483 385 6
483 727 3
483 78 33
484 52 50
484 445 30
484 430 30
485 614 24
485 104 32
485 30 14
486 523 15
486 449 47
486 318 37
487 387 38
487 119 41
487 716 20
488 179 7
488 540 15
488 705 0
489 286 10
489 150 20
489 111 10
490 72 39
490 393 45
490 69 31
491 58 25
491 545 30
491 27 15
492 23 35
492 528 21
492 240 44
493 621 49
493 568 42
493 237 35
494 238 33
494 235 16
494 309 20
495 399 7
495 12 34
495 596 36
496 227 31
496 674 35
496 701 29
497 624 34
497 418 48
497 354 23
498 706 4
498 180 36
498 31 50
499 276 21
499 412 25
499 291 5
500 707 50
500 575 13
500 333 18
501 471 12
501 276 39
501 586 49
502 166 0
502 649 13
502 707 22
503 373 46
503 612 5
503 712 15
504 406 50
504 260 30
504 603 31
505 554 16
505 266 27
505 204 39
506 19 48
506 639 28
506 659 3
507 185 45
507 590 40
507 546 47
508 74 45
508 592 39
508 219 29
509 536 30
509 594 45
509 678 37
510 509 5
510 314 48
510 1 7
511 464 22
511 570 10
511 38 18
512 267 16
512 53 49
512 488 40
513 637 15
513 54 20
513 443 50
514 187 39
514 43 36
514 390 38
515 20 44
515 231 11
515 161 36
516 288 19
516 533 20
516 314 20
517 360 29
517 306 34
517 307 36
518 125 28
518 287 33
518 559 19
519 348 23
519 47 26
519 46 46
520 223 41
520 646 20
520 232 12
521 456 50
521 64 50
521 549 41
522 92 21
522 230 43
522 540 29
523 452 26
523 162 32
523 161 50
524 204 27
524 195 1
524 529 38
525 623 9
525 616 36
525 44 14
526 719 2
526 20 44
526 469 34
527 145 36
527 416 36
527 338 0
528 24 42
528 255 13
528 242 37
529 77 24
529 466 23
529 19 0
530 542 23
530 161 37
530 536 21
531 227 16
531 41 29
531 361 9
532 436 45
532 604 34
532 47 15
533 454 5
533 705 27
533 441 14
534 407 28
534 464 3
534 724 25
535 124 33
535 12 35
535 541 21
536 613 37
536 554 44
536 514 18
537 24 21
537 410 21
537 481 8
538 224 41
538 189 45
538 249 8
539 427 44
539 221 46
539 716 43
540 340 21
540 309 35
540 141 32
541 566 43
541 616 11
541 578 8
542 557 25
542 168 40
542 160 47
543 709 6
543 435 48
543 460 40
544 641 25
544 554 39
544 528 12
545 220 32
545 147 37
545 453 13
546 236 49
546 309 17
546 404 44
547 2 47
547 446 10
547 410 36
548 166 44
548 262 21
548 642 22
549 531 23
549 309 31
549 692 33
550 307 49
550 320 22
550 270 42
551 82 50
551 729 2
551 487 20
552 621 46
552 253 16
552 54 10
553 212 41
553 233 26
553 526 47
554 293 32
554 312 39
554 577 48
555 140 34
555 324 34
555 710 50
556 155 21
556 294 23
556 231 36
557 130 9
557 359 49
557 30 24
558 419 18
558 338 19
558 142 0
559 199 22
559 112 25
559 250 38
560 638 15
560 645 48
560 360 50
561 271 34
561 33 0
561 154 33
562 13 23
562 337 8
562 330 23
563 410 23
563 720 30
563 631 22
564 500 13
564 245 36
564 348 24
565 562 10
565 430 10
565 463 0
566 596 31
566 608 32
566 43 23
567 450 31
567 139 16
567 554 20
568 426 6
568 510 15
568 573 20
569 47 11
569 358 3
569 509 21
570 302 10
570 691 27
570 637 6
571 264 17
571 43 17
571 255 10
572 448 49
572 45 11
572 495 45
573 146 12
573 628 2
573 367 49
574 683 17
574 340 9
574 390 27
575 221 37
575 330 39
575 543 49
576 464 14
576 180 22
576 339 0
577 467 21
577 37 3
577 106 18
578 486 19
578 399 34
578 245 33
579 206 22
579 7 29
579 156 21
580 486 3
580 372 13
580 385 50
581 670 17
581 668 12
581 569 35
582 639 4
582 194 24
582 528 4
583 570 45
583 723 30
583 291 48
584 675 9
584 517 2
584 709 43
585 170 14
585 552 21
585 608 29
586 239 31
586 8 10
586 561 21
587 519 49
587 390 30
587 418 18
588 88 8
588 140 30
588 684 17
589 140 24
589 494 34
589 449 7
590 357 48
590 210 14
590 548 11
591 77 35
591 607 28
591 183 45
592 130 27
592 41 4
592 240 31
593 468 34
593 470 18
593 593 10
594 284 4
594 71 20
594 555 27
595 142 3
595 456 40
595 567 10
596 414 42
596 339 3
596 530 40
597 512 42
597 254 9
597 173 41
598 474 43
598 247 38
598 531 48
599 356 21
599 492 15
599 17 26
600 122 0
600 693 25
600 31 16
601 27 23
601 217 2
601 263 32
602 103 44
602 195 37
602 189 35
603 502 18
603 278 1
603 269 34
604 710 30
604 127 45
604 567 30
605 556 19
605 81 31
605 437 9
606 657 4
606 63 9
606 587 18
607 296 12
607 513 20
607 387 49
608 119 41
608 333 21
608 8 25
609 87 34
609 589 42
609 210 36
610 90 32
610 580 37
610 534 11
611 121 12
611 664 36
611 609 39
612 205 38
612 455 13
612 541 5
613 630 32
613 171 4
613 435 31
614 305 33
614 668 10
614 606 45
615 261 48
615 466 34
615 355 25
616 179 29
616 683 41
616 202 45
617 638 12
617 574 46
617 142 23
618 644 38
618 421 0
618 491 19
619 420 1
619 99 26
619 526 19
620 524 23
620 197 30
620 657 0
621 610 16
621 607 35
621 373 22
622 589 46
622 426 18
622 261 18
623 522 2
623 328 36
623 375 31
624 549 44
624 91 35
624 180 32
625 240 6
625 11 0
625 203 33
626 679 27
626 571 3
626 623 21
627 545 6
627 589 31
627 93 29
628 147 27
628 723 36
628 194 22
629 368 5
629 523 5
629 205 31
630 166 7
630 201 23
630 287 17
631 578 24
631 222 14
631 656 39
632 361 24
632 594 16
632 58 23
633 370 3
633 366 6
633 102 32
634 439 46
634 48 46
634 611 47
635 215 10
635 223 40
635 712 34
636 398 2
636 388 24
636 64 11
637 470 34
637 116 43
637 106 25
638 710 47
638 372 9
638 303 33
639 317 19
639 312 37
639 362 32
640 406 2
640 568 45
640 697 43
641 393 10
641 176 4
641 388 48
642 694 29
642 155 13
642 129 46
643 312 24
643 285 7
643 407 0
644 159 0
644 449 25
644 46 31
645 647 3
645 139 48
645 404 50
646 331 11
646 621 37
646 124 13
647 63 35
647 10 0
647 464 33
648 694 41
648 451 31
648 567 13
649 43 16
649 158 44
649 461 50
650 344 38
650 119 12
650 94 24
651 512 16
651 307 43
651 505 6
652 143 34
652 544 45
652 28 15
653 423 38
653 664 4
653 20 9
654 60 1
654 7 28
654 463 39
655 433 41
655 88 27
655 678 43
656 609 40
656 525 31
656 56 40
657 346 50
657 43 12
657 314 39
658 177 43
658 546 3
658 293 28
659 169 45
659 546 13
659 246 21
660 599 3
660 89 45
660 709 16
661 501 16
661 543 20
661 190 6
662 140 32
662 324 3
662 487 38
663 157 48
663 245 30
663 241 47
664 36 18
664 48 47
664 599 44
665 519 41
665 147 46
665 692 27
666 430 5
666 448 38
666 270 31
667 248 49
667 63 5
667 501 18
668 626 14
668 390 50
668 497 2
669 364 39
669 220 0
669 456 48
670 650 43
670 352 39
670 125 16
671 121 4
671 715 49
671 496 0
672 214 5
672 99 14
672 381 48
673 55 2
673 430 39
673 66 49
674 720 16
674 121 13
674 493 15
675 196 2
675 1 37
675 722 6
676 36 8
676 20 42
676 589 1
677 575 4
677 16 43
677 170 6
678 594 26
678 82 1
678 541 22
679 649 18
679 520 4
679 713 41
680 560 45
680 557 11
680 500 9
681 79 43
681 314 2
681 182 22
682 91 2
682 275 36
682 62 6
683 354 0
683 678 12
683 139 18
684 233 45
684 150 5
684 521 31
685 266 49
685 178 12
685 721 1
686 172 46
686 507 31
686 495 26
687 514 32
687 429 39
687 600 16
688 173 4
688 691 46
688 165 6
689 394 45
689 258 27
689 376 5
690 288 38
690 474 27
690 471 8
691 172 18
691 201 8
691 335 17
692 322 7
692 544 39
692 219 46
693 56 35
693 159 16
693 389 7
694 423 0
694 125 35
694 528 19
695 436 18
695 683 18
695 90 1
696 425 40
696 180 29
696 89 9
697 286 13
697 572 22
697 442 48
698 16 47
698 595 14
698 398 34
699 419 15
699 116 14
699 286 39
700 643 18
700 528 21
700 676 48
701 48 41
701 437 30
701 351 24
702 475 33
702 546 3
702 78 42
703 346 41
703 34 1
703 176 18
704 505 11
704 508 29
704 302 41
705 506 1
705 346 48
705 178 6
706 252 38
706 300 12
706 86 29
707 593 35
707 185 5
707 3 43
708 631 28
708 349 29
708 190 2
709 207 16
709 514 39
709 348 40
710 13 11
710 290 40
710 310 30
711 345 23
711 645 23
711 299 33
712 52 25
712 278 30
712 607 43
713 311 5
713 290 42
713 669 26
714 46 1
714 304 48
714 369 31
715 446 42
715 72 26
715 488 37
716 352 14
716 540 4
716 393 26
717 624 13
717 236 8
717 392 33
718 466 48
718 602 11
718 633 21
719 222 29
719 109 40
719 511 20
720 620 28
720 44 14
720 719 17
721 46 49
721 240 1
721 434 12
722 555 6
722 171 9
722 490 20
723 512 49
723 242 11
723 550 26
724 307 28
724 197 20
724 455 48
725 33 38
725 418 20
725 586 40
726 486 35
726 676 47
726 382 17
727 583 18
727 259 13
727 418 47
728 574 28
728 374 43
728 711 40
729 223 4
729 60 1
729 447 34
