1 16 17
1 57 40
2 1 26
2 5 10
3 72 15
3 25 18
4 8 37
4 64 19
5 31 14
5 65 41
6 50 25
6 33 30
7 28 45
7 32 5
8 16 28
8 65 25
9 68 36
9 44 20
10 28 47
10 32 27
11 66 5
11 80 22
12 4 22
12 42 28
13 75 14
13 3 45
14 40 34
14 44 25
15 36 17
15 68 4
16 32 29
16 47 15
17 37 40
17 29 43
18 18 4
18 67 32
19 30 49
19 56 14
20 80 22
20 45 21
21 3 49
21 45 20
22 77 40
22 21 9
23 9 13
23 33 48
24 81 37
24 43 39
25 22 15
25 46 6
26 9 1
26 73 11
27 3 33
27 35 2
28 55 9
28 74 10
29 60 45
29 3 12
30 2 47
30 1 50
31 77 5
31 52 50
32 71 15
32 26 21
33 51 9
33 20 3
34 38 42
34 46 34
35 45 42
35 37 39
36 12 11
36 36 11
37 12 19
37 9 36
38 41 32
38 66 41
39 53 6
39 77 23
40 64 2
40 14 21
41 33 8
41 68 48
42 12 4
42 26 24
43 54 14
43 64 44
44 29 29
44 49 0
45 7 28
45 35 27
46 16 1
46 55 38
47 54 39
47 79 24
48 33 37
48 63 4
49 63 10
49 35 48
50 18 44
50 62 42
51 69 33
51 64 7
52 20 14
52 73 7
53 34 13
53 9 15
54 58 11
54 51 26
55 35 16
55 55 26
56 63 9
56 67 17
57 37 4
57 39 29
58 33 41
58 66 24
59 58 42
59 31 15
60 79 19
60 21 46
61 21 34
61 36 25
62 10 15
62 56 0
63 52 38
63 22 26
64 72 35
64 9 41
65 71 43
65 58 39
66 49 2
66 52 19
67 36 48
67 39 21
68 18 24
68 61 10
69 24 8
69 45 24
70 64 48
70 36 9
71 49 19
71 13 11
72 3 5
72 28 9
73 78 11
73 5 43
74 57 11
74 60 30
75 39 48
75 12 50
76 42 7
76 24 30
77 68 22
77 55 3
78 50 14
78 39 36
79 61 13
79 3 17
80 34 38
80 25 17
81 35 41
81 22 27
