1 79 0
1 16 18
1 61 50
2 221 45
2 61 25
2 160 12
3 33 19
3 81 18
3 181 26
4 155 45
4 178 8
4 239 22
5 175 1
5 22 14
5 10 20
6 101 22
6 44 28
6 94 0
7 242 0
7 32 19
7 102 6
8 105 24
8 12 37
8 190 22
9 60 15
9 22 31
9 209 10
10 49 23
10 148 40
10 210 34
11 33 30
11 189 26
11 120 29
12 94 3
12 195 12
12 197 30
13 143 9
13 107 40
13 61 47
14 236 37
14 50 17
14 18 50
15 149 11
15 167 38
15 142 46
16 82 39
16 114 37
16 43 35
17 176 15
17 199 32
17 36 8
18 87 6
18 65 42
18 54 14
19 98 12
19 167 3
19 145 43
20 76 8
20 242 41
20 209 28
21 61 42
21 71 28
21 232 21
22 51 12
22 200 20
22 129 50
23 103 50
23 215 18
23 112 11
24 195 35
24 202 32
24 156 9
25 81 30
25 82 1
25 131 18
26 13 2
26 40 23
26 3 2
27 214 1
27 134 40
27 90 34
28 142 29
28 204 13
28 159 33
29 232 27
29 7 47
29 189 44
30 41 8
30 237 40
30 213 3
31 164 25
31 18 8
31 84 37
32 33 24
32 181 37
32 158 21
33 12 42
33 92 47
33 124 11
34 188 36
34 7 25
34 153 50
35 205 24
35 202 27
35 210 11
36 2 20
36 51 33
36 101 19
37 152 6
37 23 10
37 62 47
38 46 4
38 212 9
38 235 14
39 151 48
39 125 7
39 87 13
40 34 29
40 170 13
40 66 34
41 34 7
41 150 15
41 2 50
42 47 25
42 187 4
42 129 35
43 9 15
43 112 6
43 192 25
44 149 22
44 211 36
44 166 47
45 119 32
45 111 50
45 129 14
46 221 18
46 103 19
46 192 8
47 35 47
47 42 26
47 99 45
48 218 41
48 41 38
48 203 48
49 90 25
49 202 21
49 201 33
50 31 9
50 223 10
50 100 18
51 207 3
51 41 6
51 50 1
52 51 3
52 214 8
52 49 44
53 123 37
53 80 39
53 234 7
54 27 17
54 207 42
54 166 9
55 199 14
55 154 2
55 170 25
56 125 22
56 225 34
56 89 42
57 74 37
57 180 30
57 53 38
58 130 12
58 170 38
58 162 48
59 26 40
59 97 21
59 227 25
60 86 42
60 135 1
60 12 28
61 40 0
61 174 27
61 188 10
62 237 50
62 178 24
62 151 10
63 201 45
63 162 35
63 108 26
64 240 15
64 64 6
64 82 5
65 15 4
65 110 14
65 58 47
66 209 32
66 143 23
66 47 7
67 70 23
67 180 31
67 76 44
68 107 30
68 151 36
68 113 3
69 199 23
69 209 19
69 40 39
70 190 33
70 106 5
70 134 27
71 213 36
71 114 3
71 41 29
72 224 42
72 41 46
72 116 9
73 232 18
73 34 4
73 98 26
74 41 2
74 207 25
74 161 16
75 11 27
75 86 6
75 89 2
76 99 35
76 131 14
76 47 47
77 220 25
77 86 13
77 45 35
78 54 21
78 12 23
78 182 0
79 122 17
79 118 33
79 157 28
80 193 39
80 82 20
80 85 23
81 226 18
81 140 18
81 119 40
82 178 9
82 135 44
82 112 34
83 110 9
83 188 44
83 17 27
84 121 42
84 108 48
84 158 36
85 192 23
85 224 27
85 206 32
86 130 19
86 167 20
86 62 41
87 163 28
87 170 4
87 202 10
88 242 44
88 147 49
88 76 50
89 101 24
89 63 29
89 209 48
90 210 42
90 229 1
90 205 36
91 134 17
91 193 20
91 199 6
92 14 12
92 162 10
92 135 3
93 195 5
93 5 29
93 44 31
94 214 3
94 66 32
94 37 18
95 102 49
95 110 22
95 46 16
96 95 19
96 237 26
96 18 31
97 162 27
97 132 37
97 218 50
98 181 33
98 240 46
98 83 30
99 121 18
99 98 0
99 232 38
100 202 25
100 167 50
100 151 43
101 132 28
101 126 10
101 103 28
102 151 50
102 160 14
102 186 34
103 243 47
103 157 45
103 51 38
104 236 27
104 47 1
104 136 27
105 79 5
105 86 4
105 46 49
106 134 35
106 125 24
106 212 1
107 17 49
107 232 26
107 226 45
108 242 2
108 84 8
108 204 7
109 95 7
109 123 31
109 61 7
110 208 31
110 8 42
110 127 39
111 169 16
111 51 10
111 197 43
112 1 25
112 40 10
112 57 33
113 194 0
113 174 31
113 20 14
114 130 44
114 44 10
114 186 45
115 178 1
115 63 40
115 130 33
116 85 47
116 216 15
116 14 25
117 156 33
117 34 23
117 104 1
118 101 21
118 135 24
118 76 20
119 105 13
119 217 1
119 83 38
120 188 30
120 189 22
120 97 1
121 118 23
121 14 38
121 130 4
122 156 42
122 212 25
122 65 32
123 28 33
123 58 18
123 128 11
124 170 34
124 61 23
124 98 2
125 205 34
125 226 41
125 73 26
126 32 19
126 10 39
126 21 31
127 42 35
127 1 20
127 174 30
128 179 47
128 62 34
128 225 50
129 169 42
129 36 1
129 17 30
130 157 48
130 242 27
130 131 16
131 72 16
131 122 19
131 210 11
132 23 37
132 65 6
132 235 48
133 217 19
133 100 27
133 159 28
134 158 43
134 96 28
134 169 12
135 143 16
135 169 9
135 186 28
136 102 10
136 164 37
136 122 30
137 63 6
137 62 2
137 162 33
138 243 12
138 75 16
138 187 45
139 82 35
139 89 1
139 149 38
140 11 47
140 48 9
140 99 15
141 151 28
141 148 41
141 69 4
142 184 31
142 181 23
142 46 15
143 167 2
143 87 27
143 205 31
144 232 37
144 28 15
144 90 31
145 204 21
145 196 48
145 144 30
146 143 41
146 93 28
146 51 12
147 49 31
147 165 0
147 153 37
148 159 48
148 176 20
148 226 5
149 99 28
149 115 3
149 213 29
150 48 35
150 148 11
150 196 46
151 210 18
151 90 13
151 53 7
152 93 44
152 28 43
152 116 20
153 32 12
153 38 39
153 136 10
154 97 39
154 141 30
154 107 6
155 103 1
155 139 20
155 101 50
156 133 34
156 6 35
156 203 35
157 25 5
157 26 42
157 196 42
158 241 21
158 100 41
158 29 12
159 68 20
159 59 17
159 105 40
160 231 47
160 159 4
160 75 43
161 231 3
161 32 46
161 210 7
162 169 35
162 51 17
162 200 1
163 67 47
163 172 9
163 36 47
164 228 9
164 163 37
164 139 6
165 130 20
165 133 14
165 55 31
166 208 35
166 136 5
166 43 2
167 95 12
167 112 42
167 90 20
168 155 6
168 241 19
168 217 43
169 13 39
169 148 7
169 166 45
170 33 0
170 163 14
170 144 10
171 213 39
171 75 4
171 192 41
172 127 37
172 135 42
172 67 12
173 146 48
173 5 29
173 236 44
174 149 5
174 158 31
174 121 20
175 229 48
175 113 15
175 101 22
176 89 28
176 105 35
176 95 37
177 202 25
177 89 47
177 222 35
178 17 26
178 142 18
178 49 28
179 167 22
179 101 32
179 197 19
180 121 28
180 173 44
180 219 48
181 170 27
181 123 44
181 154 44
182 226 40
182 94 9
182 163 18
183 65 23
183 102 15
183 123 2
184 227 27
184 206 1
184 228 7
185 15 6
185 58 24
185 41 50
186 98 39
186 158 43
186 175 2
187 206 34
187 19 50
187 124 26
188 53 50
188 155 36
188 203 39
189 10 8
189 44 38
189 21 24
190 76 16
190 31 4
190 11 36
191 138 2
191 177 12
191 49 40
192 18 33
192 200 19
192 191 3
193 218 13
193 132 2
193 162 43
194 41 28
194 56 21
194 234 10
195 234 49
195 73 47
195 94 29
196 200 35
196 62 10
196 68 37
197 192 48
197 171 31
197 20 9
198 229 12
198 111 43
198 135 28
199 227 36
199 87 43
199 109 38
200 201 33
200 65 7
200 112 10
201 138 30
201 116 27
201 82 22
202 19 37
202 49 27
202 63 27
203 92 5
203 186 39
203 180 41
204 90 15
204 21 26
204 240 18
205 11 33
205 17 6
205 63 0
206 33 20
206 219 14
206 158 8
207 1 8
207 26 7
207 102 46
208 35 17
208 21 5
208 177 48
209 195 44
209 79 16
209 207 19
210 236 40
210 24 42
210 125 20
211 104 48
211 113 42
211 29 20
212 50 37
212 53 11
212 238 24
213 95 1
213 144 10
213 161 25
214 79 27
214 14 43
214 234 45
215 215 13
215 113 44
215 195 28
216 47 29
216 121 38
216 222 13
217 75 17
217 93 34
217 42 39
218 193 11
218 60 3
218 69 4
219 116 3
219 110 43
219 100 38
220 86 5
220 186 4
220 235 17
221 96 40
221 122 47
221 158 3
222 86 26
222 85 34
222 149 10
223 240 46
223 180 17
223 118 39
224 214 34
224 35 19
224 85 10
225 30 9
225 3 15
225 206 32
226 15 24
226 224 33
226 145 4
227 149 50
227 166 20
227 45 30
228 63 15
228 135 31
228 121 45
229 96 3
229 230 22
229 12 50
230 44 22
230 63 46
230 143 3
231 174 28
231 201 27
231 189 19
232 113 45
232 105 48
232 179 40
233 133 47
233 121 35
233 1 38
234 168 46
234 153 25
234 234 7
235 120 38
235 110 20
235 20 41
236 81 40
236 9 47
236 199 17
237 135 15
237 128 48
237 127 41
238 73 26
238 93 7
238 64 44
239 91 3
239 30 20
239 6 14
240 19 39
240 175 23
240 187 24
241 87 48
241 3 30
241 21 10
242 206 34
242 159 49
242 49 34
243 59 14
243 192 24
243 68 44
