1 11 12
1 48 9
2 78 5
2 33 32
3 18 12
3 37 10
4 64 27
4 53 40
5 21 43
5 58 39
6 54 11
6 7 35
7 2 33
7 6 35
8 12 50
8 55 35
9 6 36
9 65 15
10 47 36
10 45 29
11 55 14
11 17 48
12 14 46
12 70 21
13 39 3
13 78 2
14 75 17
14 26 4
15 55 39
15 60 38
16 54 6
16 79 47
17 66 35
17 36 38
18 80 46
18 43 35
19 81 46
19 8 5
20 2 49
20 40 11
21 34 22
21 57 12
22 40 24
22 78 33
23 19 4
23 43 16
24 38 17
24 51 35
25 49 7
25 28 18
26 10 3
26 15 21
27 15 24
27 46 40
28 48 31
28 18 7
29 65 18
29 19 33
30 40 2
30 5 19
31 63 25
31 18 41
32 66 46
32 18 21
33 77 35
33 47 13
34 28 23
34 37 37
35 20 22
35 33 23
36 51 41
36 7 15
37 27 33
37 74 10
38 51 38
38 6 36
39 16 22
39 53 38
40 36 44
40 76 44
41 61 21
41 56 36
42 25 33
42 52 49
43 7 34
43 40 35
44 1 38
44 76 11
45 80 10
45 32 25
46 63 0
46 1 20
47 73 41
47 58 42
48 75 4
48 21 15
49 14 49
49 53 31
50 53 26
50 56 19
51 44 8
51 17 13
52 66 18
52 81 14
53 25 44
53 48 37
54 80 29
54 28 7
55 5 32
55 21 43
56 67 7
56 36 41
57 76 49
57 47 24
58 19 31
58 35 4
59 58 19
59 33 28
60 15 20
60 12 15
61 8 5
61 61 13
62 72 45
62 13 28
63 72 15
63 15 13
64 73 19
64 9 43
65 4 5
65 7 1
66 80 16
66 68 7
67 59 12
67 3 30
68 3 44
68 77 48
69 52 14
69 62 5
70 22 37
70 77 3
71 25 17
71 73 34
72 5 23
72 80 17
73 33 1
73 17 2
74 46 38
74 17 22
75 5 14
75 34 2
76 19 50
76 78 41
77 76 17
77 80 19
78 48 30
78 66 4
79 66 37
79 26 16
80 24 37
80 11 27
81 32 48
81 47 0
