1 207 31
1 83 10
2 241 24
2 21 36
3 121 4
3 45 17
4 90 26
4 123 0
5 75 45
5 56 35
6 12 43
6 200 1
7 193 10
7 4 1
8 28 2
8 43 16
9 152 48
9 197 11
10 203 36
10 234 40
11 120 33
11 33 21
12 237 47
12 205 16
13 138 15
13 16 7
14 87 11
14 113 13
15 169 23
15 216 27
16 235 31
16 128 47
17 77 9
17 220 26
18 237 8
18 37 34
19 4 38
19 141 35
20 136 31
20 22 16
21 219 41
21 157 10
22 120 7
22 8 7
23 156 31
23 73 38
24 240 32
24 103 36
25 5 17
25 94 20
26 92 24
26 125 1
27 146 48
27 16 50
28 29 1
28 138 33
29 226 30
29 140 18
30 234 50
30 151 36
31 181 7
31 36 47
32 73 1
32 3 18
33 179 15
33 225 6
34 193 14
34 97 17
35 116 3
35 148 3
36 14 30
36 98 27
37 84 4
37 17 0
38 186 6
38 36 36
39 44 38
39 211 38
40 235 37
40 133 33
41 204 6
41 70 14
42 224 36
42 161 5
43 223 12
43 74 1
44 231 39
44 126 18
45 86 2
45 65 24
46 166 24
46 173 50
47 45 21
47 89 43
48 132 11
48 6 5
49 221 35
49 111 16
50 192 47
50 161 25
51 138 15
51 42 23
52 79 28
52 181 32
53 185 23
53 134 21
54 146 48
54 115 28
55 123 20
55 226 33
56 89 25
56 60 13
57 182 6
57 215 33
58 89 5
58 63 43
59 203 46
59 150 36
60 83 21
60 135 29
61 87 30
61 222 47
62 103 23
62 241 2
63 197 34
63 114 3
64 139 2
64 200 45
65 89 15
65 139 2
66 64 21
66 161 6
67 230 47
67 87 32
68 61 44
68 56 49
69 129 23
69 178 49
70 76 50
70 105 37
71 104 2
71 30 14
72 225 45
72 62 18
73 35 20
73 163 8
74 7 30
74 143 21
75 8 1
75 158 46
76 82 47
76 26 12
77 47 43
77 39 20
78 15 49
78 183 27
79 147 29
79 196 24
80 241 1
80 208 34
81 90 16
81 80 2
82 97 43
82 96 50
83 71 6
83 90 6
84 33 7
84 3 0
85 113 15
85 30 48
86 230 45
86 139 1
87 157 27
87 125 8
88 235 27
88 30 27
89 206 38
89 209 8
90 85 46
90 158 9
91 146 22
91 115 39
92 235 29
92 142 50
93 167 34
93 226 39
94 46 38
94 207 21
95 90 27
95 75 41
96 203 24
96 91 35
97 72 33
97 196 41
98 122 2
98 103 2
99 139 46
99 242 9
100 81 38
100 160 27
101 25 1
101 87 20
102 197 3
102 186 27
103 161 19
103 9 34
104 91 46
104 67 6
105 230 13
105 192 12
106 233 26
106 104 12
107 88 38
107 142 33
108 200 41
108 102 10
109 154 37
109 101 38
110 35 43
110 68 18
111 190 35
111 115 25
112 207 22
112 202 20
113 61 27
113 51 28
114 185 30
114 217 4
115 41 50
115 106 16
116 203 41
116 3 5
117 63 19
117 83 32
118 193 8
118 175 1
119 7 44
119 111 44
120 115 34
120 174 12
121 100 12
121 129 38
122 107 5
122 19 0
123 137 17
123 12 37
124 57 20
124 78 28
125 4 44
125 243 38
126 128 2
126 182 15
127 23 25
127 18 39
128 225 36
128 192 0
129 149 20
129 112 39
130 115 43
130 53 4
131 45 42
131 115 41
132 203 8
132 120 50
133 77 43
133 41 9
134 51 3
134 206 30
135 135 26
135 173 28
136 243 37
136 138 36
137 155 14
137 6 17
138 236 7
138 141 29
139 214 13
139 52 44
140 230 15
140 139 49
141 189 37
141 175 46
142 86 41
142 131 48
143 166 4
143 112 2
144 198 45
144 56 50
145 156 48
145 187 34
146 202 18
146 96 41
147 3 34
147 76 33
148 157 23
148 99 11
149 58 10
149 180 42
150 231 21
150 37 28
151 118 7
151 211 43
152 67 15
152 241 6
153 35 34
153 8 42
154 108 17
154 22 41
155 135 45
155 71 37
156 238 15
156 215 3
157 181 10
157 232 9
158 57 49
158 53 36
159 158 19
159 174 27
160 94 10
160 213 28
161 175 4
161 15 39
162 34 49
162 70 36
163 110 50
163 217 4
164 110 1
164 3 27
165 137 48
165 242 6
166 153 31
166 221 21
167 190 13
167 136 2
168 82 39
168 26 16
169 78 50
169 48 42
170 8 32
170 104 17
171 100 15
171 154 33
172 57 43
172 131 13
173 5 46
173 181 11
174 83 0
174 223 14
175 202 27
175 8 35
176 62 38
176 173 8
177 231 27
177 132 13
178 177 13
178 144 4
179 85 50
179 101 9
180 101 25
180 76 26
181 232 42
181 242 19
182 202 16
182 65 27
183 202 8
183 206 37
184 50 17
184 223 20
185 240 3
185 143 36
186 152 13
186 223 27
187 133 44
187 111 42
188 178 9
188 22 10
189 66 36
189 115 22
190 104 36
190 122 29
191 5 23
191 82 37
192 145 42
192 110 27
193 211 37
193 70 34
194 184 4
194 7 46
195 85 7
195 124 33
196 137 37
196 177 21
197 24 43
197 126 6
198 5 46
198 122 23
199 75 20
199 90 36
200 187 22
200 170 35
201 95 48
201 241 28
202 60 33
202 127 2
203 152 35
203 25 31
204 55 42
204 32 41
205 147 39
205 42 27
206 127 5
206 233 16
207 49 41
207 69 29
208 210 24
208 59 32
209 139 18
209 123 35
210 99 0
210 178 48
211 36 9
211 168 2
212 89 42
212 134 38
213 159 40
213 190 7
214 22 1
214 184 50
215 144 12
215 120 29
216 122 11
216 75 15
217 83 23
217 43 12
218 193 28
218 26 36
219 13 30
219 194 33
220 215 0
220 220 11
221 169 49
221 19 44
222 90 47
222 35 21
223 6 0
223 121 47
224 22 25
224 118 35
225 109 45
225 236 41
226 71 43
226 31 33
227 170 5
227 141 30
228 208 35
228 220 17
229 39 32
229 139 25
230 122 29
230 39 9
231 197 36
231 172 8
232 239 32
232 41 2
233 59 8
233 228 44
234 141 45
234 230 8
235 121 10
235 177 43
236 111 36
236 39 17
237 191 20
237 167 34
238 207 37
238 12 28
239 114 36
239 116 38
240 7 49
240 154 8
241 146 25
241 10 14
242 32 36
242 49 41
243 57 30
243 132 16
