1 84 46
1 227 34
1 348 32
1 191 24
2 241 36
2 658 44
2 702 6
2 260 27
3 654 17
3 518 2
3 147 19
3 324 15
4 536 19
4 498 40
4 14 42
4 551 16
5 29 7
5 558 17
5 379 49
5 428 43
6 418 15
6 130 8
6 567 17
6 485 38
7 378 33
7 510 13
7 622 5
7 156 3
8 655 21
8 164 46
8 491 8
8 293 0
9 453 17
9 295 2
9 244 40
9 370 31
10 286 16
10 238 30
10 270 0
10 576 27
11 611 14
11 395 31
11 724 9
11 3 32
12 483 49
12 581 35
12 657 31
12 184 48
13 112 43
13 426 4
13 476 15
13 682 27
14 278 5
14 629 23
14 595 27
14 621 44
15 104 6
15 3 49
15 349 21
15 273 46
16 172 29
16 618 36
16 349 25
16 469 6
17 663 31
17 421 49
17 447 45
17 203 11
18 157 27
18 198 8
18 620 7
18 444 35
19 394 5
19 86 18
19 455 45
19 458 10
20 443 44
20 33 12
20 578 44
20 552 45
21 721 27
21 20 13
21 477 39
21 460 9
22 215 49
22 260 17
22 224 12
22 301 15
23 127 9
23 24 24
23 147 20
23 516 39
24 506 50
24 90 8
24 350 30
24 156 24
25 236 29
25 429 11
25 528 46
25 536 16
26 3 39
26 643 33
26 494 28
26 224 19
27 705 14
27 703 31
27 241 28
27 144 34
28 214 3
28 62 3
28 463 12
28 315 27
29 712 10
29 174 38
29 90 1
29 268 10
30 696 20
30 191 40
30 613 17
30 81 34
31 103 22
31 14 12
31 717 29
31 437 21
32 155 44
32 225 10
32 317 30
32 590 19
33 664 48
33 531 37
33 443 48
33 224 35
34 86 41
34 305 0
34 615 50
34 296 44
35 590 30
35 93 48
35 33 16
35 191 36
36 664 21
36 438 9
36 147 18
36 55 36
37 510 11
37 346 3
37 305 24
37 525 49
38 145 43
38 302 40
38 415 48
38 99 42
39 224 49
39 175 35
39 304 18
39 105 19
40 572 17
40 691 43
40 477 36
40 709 6
41 531 41
41 165 26
41 262 46
41 487 13
42 241 39
42 709 24
42 166 27
42 365 48
43 112 33
43 611 21
43 118 43
43 634 1
44 565 7
44 675 50
44 651 13
44 575 9
45 358 16
45 578 19
45 590 1
45 172 6
46 115 40
46 269 46
46 518 37
46 564 18
47 712 35
47 656 10
47 17 8
47 25 33
48 22 41
48 409 1
48 551 19
48 571 11
49 619 11
49 347 0
49 680 39
49 424 47
50 280 7
50 237 0
50 582 12
50 146 8
51 631 28
51 42 11
51 429 43
51 227 27
52 8 11
52 308 47
52 666 30
52 136 48
53 16 0
53 57 14
53 534 15
53 685 45
54 130 22
54 229 41
54 42 24
54 109 34
55 88 9
55 281 7
55 162 34
55 286 41
56 321 38
56 462 13
56 567 10
56 298 19
57 285 29
57 695 40
57 688 0
57 302 3
58 667 39
58 76 21
58 577 0
58 630 4
59 185 25
59 372 41
59 60 5
59 34 21
60 218 38
60 591 32
60 433 30
60 529 18
61 508 15
61 729 29
61 66 47
61 208 39
62 172 10
62 119 50
62 63 34
62 593 20
63 99 15
63 405 5
63 42 41
63 703 8
64 679 48
64 88 40
64 211 50
64 395 28
65 650 0
65 485 42
65 349 44
65 661 39
66 26 36
66 262 39
66 595 23
66 243 24
67 656 48
67 178 24
67 601 8
67 699 31
68 651 31
68 206 26
68 499 10
68 207 25
69 211 24
69 654 14
69 151 39
69 330 2
70 421 39
70 113 30
70 505 30
70 647 48
71 723 8
71 580 23
71 654 13
71 598 12
72 72 20
72 334 33
72 205 42
72 329 25
73 303 22
73 102 38
73 74 16
73 235 47
74 241 14
74 449 19
74 43 50
74 667 43
75 47 7
75 716 7
75 381 43
75 334 15
76 418 47
76 372 33
76 303 31
76 342 36
77 76 29
77 356 35
77 643 21
77 649 32
78 93 31
78 147 30
78 144 13
78 710 49
79 61 29
79 13 38
79 536 22
79 516 44
80 625 42
80 437 3
80 157 2
80 643 7
81 329 2
81 278 27
81 692 6
81 366 34
82 701 2
82 711 42
82 92 38
82 400 24
83 239 28
83 562 28
83 297 9
83 385 20
84 435 5
84 464 25
84 467 15
84 154 29
85 668 20
85 10 17
85 395 12
85 458 17
86 172 18
86 433 10
86 400 23
86 143 44
87 280 33
87 404 45
87 31 0
87 583 6
88 547 13
88 714 4
88 173 12
88 729 35
89 121 35
89 671 14
89 426 13
89 518 17
90 412 41
90 47 22
90 114 6
90 399 21
91 692 19
91 207 10
91 98 49
91 384 5
92 429 37
92 352 32
92 392 23
92 668 47
93 95 23
93 175 1
93 682 43
93 196 32
94 602 0
94 68 42
94 124 34
94 113 13
95 171 37
95 269 23
95 592 20
95 502 13
96 543 47
96 403 23
96 591 37
96 437 31
97 726 5
97 517 21
97 69 48
97 576 3
98 148 32
98 645 14
98 624 38
98 544 21
99 446 5
99 489 14
99 720 39
99 247 42
100 662 10
100 105 24
100 8 27
100 485 19
101 305 1
101 372 41
101 321 6
101 575 38
102 142 37
102 66 35
102 698 9
102 672 30
103 518 20
103 581 41
103 337 40
103 438 44
104 244 43
104 551 8
104 675 29
104 656 7
105 78 31
105 239 32
105 31 9
105 695 10
106 372 42
106 45 8
106 226 26
106 370 25
107 309 22
107 439 40
107 490 44
107 344 39
108 208 7
108 283 7
108 172 12
108 666 36
109 136 8
109 321 48
109 623 7
109 578 36
110 159 48
110 326 13
110 206 25
110 109 26
111 76 27
111 507 28
111 683 5
111 130 38
112 391 39
112 395 25
112 147 31
112 431 11
113 721 21
113 495 42
113 414 10
113 30 20
114 473 50
114 434 34
114 168 29
114 488 47
115 122 19
115 94 49
115 269 41
115 592 44
116 672 46
116 264 50
116 15 27
116 468 3
117 153 6
117 308 25
117 442 39
117 223 36
118 251 18
118 257 34
118 69 46
118 664 44
119 320 9
119 367 27
119 552 25
119 396 48
120 577 35
120 289 22
120 420 23
120 652 28
121 514 47
121 288 35
121 169 24
121 232 25
122 112 20
122 83 6
122 547 16
122 469 39
123 694 31
123 671 39
123 609 45
123 522 13
124 438 33
124 573 11
124 466 30
124 187 13
125 539 23
125 89 38
125 359 32
125 607 15
126 252 46
126 562 47
126 519 45
126 588 44
127 78 37
127 58 43
127 631 20
127 361 40
128 123 18
128 164 14
128 449 45
128 440 31
129 616 14
129 311 30
129 89 38
129 457 6
130 174 6
130 522 30
130 350 45
130 157 39
131 336 6
131 93 22
131 147 8
131 124 47
132 420 12
132 621 33
132 618 47
132 610 44
133 514 22
133 606 12
133 576 30
133 329 10
134 453 13
134 648 35
134 99 39
134 663 44
135 23 39
135 590 43
135 533 0
135 38 16
136 81 39
136 335 24
136 264 0
136 644 6
137 308 21
137 223 37
137 584 27
137 131 32
138 356 24
138 641 20
138 439 8
138 582 48
139 693 31
139 270 22
139 202 22
139 387 26
140 384 41
140 169 23
140 673 9
140 577 38
141 223 31
141 232 13
141 291 38
141 519 19
142 70 19
142 491 21
142 501 25
142 670 27
143 480 31
143 404 33
143 217 11
143 702 17
144 462 10
144 42 17
144 204 8
144 387 0
145 20 48
145 719 0
145 298 1
145 633 34
146 10 2
146 550 30
146 605 16
146 168 29
147 4 30
147 547 26
147 139 38
147 533 49
148 553 10
148 124 0
148 525 17
148 108 50
149 306 13
149 637 42
149 470 23
149 433 5
150 50 23
150 226 16
150 227 45
150 592 40
151 697 45
151 582 5
151 26 36
151 252 45
152 170 5
152 367 18
152 300 19
152 519 27
153 492 41
153 33 5
153 369 37
153 624 30
154 292 31
154 670 27
154 142 9
154 598 36
155 607 38
155 720 6
155 510 21
155 171 23
156 694 4
156 245 47
156 303 5
156 265 45
157 217 45
157 156 13
157 239 42
157 510 44
158 300 46
158 520 15
158 242 21
158 245 38
159 198 21
159 221 41
159 647 20
159 693 16
160 673 14
160 512 14
160 272 27
160 124 31
161 3 33
161 357 20
161 132 45
161 26 26
162 592 13
162 308 14
162 298 23
162 334 30
163 121 28
163 95 0
163 27 22
163 671 22
164 300 15
164 712 5
164 594 47
164 269 3
165 560 15
165 424 5
165 637 38
165 4 46
166 419 22
166 125 5
166 544 46
166 340 16
167 456 15
167 368 32
167 272 24
167 617 33
168 107 11
168 100 7
168 40 35
168 127 25
169 713 19
169 544 30
169 35 48
169 489 40
170 644 14
170 576 32
170 440 1
170 369 13
171 120 37
171 622 33
171 661 8
171 183 3
172 669 0
172 517 35
172 142 26
172 525 44
173 133 0
173 577 32
173 23 14
173 122 37
174 242 25
174 364 34
174 675 42
174 621 33
175 301 46
175 227 7
175 281 18
175 532 35
176 636 7
176 521 9
176 52 10
176 268 30
177 137 34
177 671 4
177 103 35
177 402 29
178 492 39
178 127 34
178 359 25
178 582 50
179 335 13
179 221 38
179 322 31
179 42 14
180 419 3
180 531 28
180 262 41
180 291 44
181 194 42
181 27 45
181 166 17
181 79 2
182 59 12
182 25 8
182 560 49
182 450 7
183 404 14
183 44 11
183 325 10
183 601 25
184 505 30
184 670 20
184 303 30
184 50 34
185 544 46
185 359 28
185 56 30
185 687 10
186 638 26
186 36 12
186 115 40
186 510 15
187 189 18
187 76 16
187 328 4
187 546 13
188 191 3
188 587 42
188 391 1
188 589 45
189 271 14
189 98 34
189 155 26
189 280 19
190 507 32
190 467 28
190 471 41
190 264 23
191 362 41
191 482 23
191 197 4
191 130 23
192 209 18
192 78 28
192 82 39
192 715 17
193 684 40
193 289 25
193 57 16
193 424 13
194 659 22
194 505 50
194 91 38
194 521 24
195 286 4
195 133 17
195 172 22
195 430 0
196 90 46
196 379 44
196 614 23
196 408 3
197 418 27
197 102 15
197 3 20
197 73 46
198 114 11
198 268 44
198 126 18
198 708 25
199 478 33
199 14 36
199 665 23
199 357 49
200 502 6
200 691 31
200 321 21
200 486 20
201 317 50
201 350 33
201 726 32
201 709 18
202 130 0
202 329 46
202 304 23
202 447 20
203 347 18
203 679 17
203 541 20
203 424 33
204 652 10
204 248 4
204 240 23
204 126 50
205 185 11
205 491 21
205 284 27
205 232 10
206 702 42
206 470 14
206 253 43
206 683 22
207 354 29
207 634 3
207 110 43
207 484 26
208 76 42
208 236 16
208 562 25
208 678 47
209 243 16
209 49 23
209 172 3
209 342 43
210 78 22
210 144 8
210 626 22
210 235 24
211 633 43
211 724 8
211 438 31
211 102 3
212 725 33
212 21 4
212 29 32
212 384 50
213 273 15
213 547 9
213 512 27
213 708 47
214 144 3
214 689 23
214 521 23
214 275 30
215 677 6
215 481 1
215 317 6
215 498 1
216 167 7
216 468 12
216 354 28
216 204 46
217 195 2
217 441 17
217 383 14
217 593 2
218 680 6
218 81 9
218 264 3
218 185 15
219 56 22
219 634 43
219 271 43
219 488 7
220 309 34
220 39 9
220 471 25
220 354 40
221 648 28
221 428 0
221 358 46
221 407 13
222 352 43
222 623 32
222 166 50
222 664 39
223 233 47
223 347 20
223 410 8
223 579 45
224 402 16
224 580 10
224 535 34
224 521 46
225 269 4
225 178 4
225 726 9
225 714 25
226 439 33
226 470 48
226 382 48
226 334 34
227 104 42
227 7 0
227 306 12
227 727 31
228 448 28
228 101 42
228 620 25
228 500 49
229 559 43
229 270 47
229 210 25
229 444 27
230 718 31
230 522 49
230 110 34
230 338 7
231 109 21
231 644 8
231 163 47
231 722 13
232 720 30
232 582 8
232 248 33
232 389 19
233 198 38
233 635 27
233 291 30
233 151 19
234 115 3
234 397 13
234 164 26
234 504 24
235 559 12
235 75 20
235 418 38
235 609 9
236 596 29
236 191 7
236 349 45
236 544 22
237 209 25
237 188 9
237 290 22
237 419 33
238 466 10
238 677 40
238 693 15
238 545 0
239 232 21
239 541 47
239 141 47
239 21 2
240 303 4
240 155 45
240 398 49
240 73 37
241 404 14
241 119 49
241 411 24
241 7 26
242 425 0
242 428 17
242 539 36
242 499 30
243 627 13
243 725 15
243 706 7
243 452 5
244 679 47
244 333 43
244 176 5
244 711 23
245 362 1
245 216 18
245 320 3
245 261 39
246 96 31
246 268 25
246 378 49
246 41 11
247 173 14
247 59 46
247 107 23
247 147 31
248 254 32
248 604 39
248 377 24
248 106 18
249 314 17
249 246 35
249 711 5
249 703 13
250 9 46
250 25 9
250 200 11
250 45 50
251 57 35
251 141 22
251 208 0
251 707 0
252 245 18
252 168 39
252 358 36
252 65 42
253 181 2
253 722 26
253 245 18
253 525 19
254 647 46
254 424 9
254 257 2
254 256 22
255 582 47
255 436 21
255 74 38
255 413 36
256 256 2
256 395 14
256 540 44
256 493 36
257 647 9
257 98 42
257 652 4
257 88 33
258 77 20
258 563 4
258 300 26
258 51 44
259 474 30
259 426 36
259 530 11
259 95 39
260 536 14
260 447 1
260 41 0
260 277 28
261 631 47
261 342 19
261 282 25
261 38 32
262 585 16
262 508 41
262 234 32
262 668 0
263 380 26
263 301 0
263 402 42
263 331 16
264 339 21
264 343 30
264 279 28
264 124 47
265 429 38
265 633 38
265 589 37
265 3 26
266 691 18
266 120 28
266 263 16
266 170 11
267 208 12
267 382 41
267 128 47
267 600 2
268 296 22
268 44 46
268 99 24
268 412 49
269 108 14
269 132 20
269 377 20
269 46 25
270 218 45
270 227 49
270 708 27
270 520 50
271 292 24
271 163 49
271 337 45
271 673 11
272 114 28
272 296 36
272 680 33
272 460 21
273 417 16
273 240 4
273 713 3
273 559 21
274 218 23
274 33 20
274 623 31
274 509 15
275 156 35
275 726 33
275 535 25
275 102 36
276 111 37
276 403 2
276 480 22
276 719 4
277 381 48
277 151 19
277 53 13
277 143 34
278 163 17
278 364 4
278 90 19
278 57 13
279 624 25
279 145 18
279 275 50
279 260 21
280 376 29
280 415 42
280 331 30
280 467 18
281 328 19
281 607 35
281 649 22
281 681 10
282 140 2
282 568 30
282 37 5
282 102 3
283 104 38
283 264 47
283 134 28
283 659 45
284 184 46
284 399 13
284 638 46
284 262 36
285 539 2
285 72 39
285 678 27
285 155 4
286 37 12
286 702 16
286 161 0
286 671 47
287 605 50
287 720 26
287 192 43
287 518 9
288 43 39
288 438 46
288 391 27
288 147 8
289 263 6
289 87 9
289 550 45
289 444 47
290 283 41
290 147 48
290 424 13
290 513 37
291 222 48
291 440 4
291 605 24
291 150 24
292 336 20
292 17 7
292 411 34
292 638 44
293 126 48
293 681 42
293 319 45
293 329 48
294 456 42
294 527 28
294 210 0
294 419 17
295 577 5
295 554 49
295 411 24
295 304 25
296 529 37
296 636 34
296 141 19
296 541 0
297 595 29
297 404 22
297 116 39
297 267 46
298 672 6
298 492 24
298 516 15
298 11 14
299 257 5
299 59 14
299 256 19
299 597 4
300 40 21
300 318 27
300 54 38
300 331 18
301 491 13
301 121 3
301 340 13
301 493 9
302 233 7
302 278 22
302 487 37
302 3 5
303 536 15
303 155 26
303 288 7
303 353 32
304 134 41
304 18 29
304 11 40
304 231 39
305 660 23
305 639 29
305 156 4
305 150 36
306 402 5
306 27 49
306 80 11
306 124 23
307 380 13
307 530 48
307 40 33
307 683 6
308 574 47
308 633 25
308 136 49
308 134 10
309 413 42
309 634 9
309 342 44
309 238 26
310 97 46
310 45 45
310 206 13
310 394 29
311 96 37
311 341 11
311 73 16
311 215 5
312 236 27
312 201 16
312 12 34
312 333 33
313 212 12
313 293 23
313 406 10
313 587 9
314 265 9
314 510 47
314 617 36
314 578 37
315 414 10
315 1 39
315 450 47
315 167 36
316 721 6
316 492 45
316 145 41
316 680 36
317 475 39
317 438 36
317 121 6
317 83 45
318 280 9
318 266 2
318 456 48
318 71 42
319 636 43
319 124 45
319 582 39
319 624 8
320 555 40
320 306 44
320 573 9
320 82 3
321 699 9
321 635 35
321 216 33
321 121 19
322 50 24
322 327 5
322 549 12
322 95 16
323 489 25
323 537 35
323 216 28
323 650 38
324 299 48
324 646 14
324 722 29
324 688 47
325 260 49
325 319 45
325 42 11
325 312 50
326 17 36
326 301 15
326 452 19
326 44 12
327 348 13
327 395 30
327 677 25
327 400 42
328 356 6
328 455 23
328 246 36
328 633 33
329 456 13
329 473 8
329 15 39
329 629 31
330 508 44
330 337 23
330 697 12
330 59 15
331 263 17
331 721 8
331 387 34
331 445 46
332 152 14
332 523 27
332 435 30
332 405 21
333 277 24
333 441 6
333 223 32
333 109 1
334 280 50
334 607 36
334 224 28
334 238 16
335 318 47
335 523 6
335 659 36
335 83 0
336 47 5
336 82 35
336 172 38
336 461 24
337 115 5
337 192 1
337 268 3
337 374 33
338 624 50
338 501 45
338 595 42
338 103 12
339 728 6
339 493 44
339 92 50
339 298 29
340 211 20
340 371 45
340 17 43
340 721 32
341 574 35
341 647 33
341 724 41
341 506 21
342 263 14
342 506 8
342 152 50
342 600 32
343 375 19
343 299 38
343 295 7
343 479 11
344 132 7
344 302 43
344 252 46
344 72 3
345 462 20
345 319 32
345 381 40
345 442 38
346 340 40
346 180 11
346 127 30
346 15 17
347 34 1
347 138 9
347 158 49
347 349 40
348 387 37
348 118 15
348 327 28
348 574 40
349 368 40
349 510 29
349 342 7
349 380 46
350 280 44
350 526 41
350 527 42
350 499 50
351 290 43
351 157 28
351 188 19
351 616 44
352 671 46
352 124 46
352 621 29
352 170 1
353 36 13
353 212 9
353 481 31
353 156 44
354 13 35
354 348 31
354 678 28
354 237 22
355 628 47
355 527 15
355 137 23
355 172 18
356 419 20
356 462 49
356 247 19
356 127 41
357 333 34
357 625 33
357 576 29
357 521 20
358 592 20
358 507 22
358 28 14
358 513 16
359 456 41
359 490 43
359 720 21
359 316 46
360 190 10
360 567 37
360 483 26
360 399 45
361 447 37
361 639 32
361 671 4
361 406 1
362 696 0
362 324 27
362 372 6
362 63 2
363 234 45
363 39 34
363 510 31
363 454 21
364 390 40
364 405 22
364 613 10
364 618 15
365 105 27
365 587 44
365 170 41
365 497 3
366 276 19
366 522 34
366 634 17
366 143 16
367 269 25
367 539 37
367 429 27
367 363 4
368 438 24
368 4 20
368 7 40
368 676 19
369 121 4
369 639 30
369 17 2
369 353 2
370 329 16
370 354 32
370 629 17
370 7 2
371 534 41
371 349 26
371 25 15
371 39 15
372 146 27
372 720 46
372 380 10
372 27 7
373 393 13
373 297 2
373 550 12
373 445 40
374 284 24
374 370 12
374 294 35
374 43 48
375 160 46
375 695 27
375 464 9
375 504 42
376 635 2
376 182 15
376 582 31
376 609 0
377 596 44
377 287 24
377 42 1
377 156 47
378 1 23
378 413 42
378 377 29
378 93 50
379 20 39
379 527 40
379 41 31
379 268 32
380 501 28
380 337 20
380 311 14
380 356 25
381 104 28
381 6 34
381 496 31
381 660 14
382 497 34
382 200 37
382 294 16
382 407 45
383 216 39
383 238 42
383 93 33
383 177 46
384 344 47
384 167 2
384 228 4
384 264 1
385 294 20
385 42 46
385 466 43
385 435 25
386 419 50
386 128 41
386 271 46
386 33 33
387 407 33
387 24 36
387 654 24
387 442 3
388 545 18
388 60 18
388 48 5
388 572 36
389 21 27
389 465 28
389 500 29
389 88 18
390 264 50
390 697 43
390 642 21
390 601 27
391 26 11
391 70 13
391 467 37
391 613 18
392 439 46
392 225 6
392 335 49
392 296 2
393 282 49
393 657 21
393 684 38
393 133 33
394 543 29
394 258 1
394 102 21
394 32 8
395 704 38
395 121 29
395 542 42
395 290 42
396 120 27
396 121 19
396 383 8
396 194 25
397 560 8
397 691 25
397 365 17
397 28 25
398 76 45
398 40 3
398 113 43
398 358 25
399 161 45
399 670 38
399 296 21
399 604 38
400 258 24
400 239 1
400 203 47
400 212 48
401 106 18
401 139 15
401 46 6
401 133 22
402 402 17
402 591 44
402 158 38
402 337 0
403 135 13
403 421 3
403 11 43
403 451 27
404 158 42
404 417 21
404 209 3
404 178 19
405 338 6
405 410 45
405 441 26
405 613 40
406 84 33
406 426 12
406 120 10
406 64 15
407 192 44
407 456 38
407 256 2
407 649 15
408 673 48
408 143 41
408 519 49
408 383 29
409 466 20
409 111 37
409 554 50
409 94 0
410 657 19
410 583 48
410 318 19
410 208 36
411 684 3
411 589 27
411 619 1
411 437 44
412 374 30
412 440 24
412 122 31
412 342 49
413 486 20
413 298 36
413 517 30
413 655 40
414 722 21
414 723 36
414 597 4
414 517 16
415 555 0
415 170 29
415 244 45
415 357 40
416 76 40
416 369 30
416 630 27
416 70 34
417 407 11
417 689 38
417 96 48
417 534 25
418 425 23
418 77 36
418 654 30
418 544 43
419 190 7
419 84 21
419 284 13
419 67 40
420 681 46
420 717 43
420 298 42
420 229 30
421 295 37
421 572 8
421 149 13
421 78 12
422 625 3
422 180 3
422 367 17
422 490 13
423 682 15
423 135 33
423 648 46
423 524 41
424 84 34
424 234 16
424 119 38
424 486 38
425 195 9
425 152 35
425 512 15
425 131 15
426 7 30
426 644 45
426 161 16
426 363 10
427 299 33
427 166 14
427 298 34
427 309 25
428 718 6
428 86 28
428 568 1
428 462 20
429 206 6
429 483 32
429 657 48
429 651 9
430 229 38
430 506 8
430 21 5
430 16 0
431 278 32
431 363 39
431 672 46
431 32 35
432 511 5
432 169 30
432 484 28
432 238 26
433 406 47
433 1 32
433 418 7
433 20 3
434 703 3
434 560 21
434 405 16
434 602 15
435 344 27
435 293 2
435 36 6
435 220 23
436 435 16
436 570 20
436 415 12
436 509 12
437 200 15
437 250 17
437 66 19
437 109 43
438 280 45
438 259 30
438 641 9
438 167 40
439 235 25
439 484 22
439 629 44
439 405 1
440 20 39
440 146 44
440 616 5
440 427 23
441 467 41
441 9 18
441 235 38
441 373 8
442 629 46
442 13 28
442 419 2
442 318 49
443 512 48
443 230 15
443 715 40
443 729 19
444 236 16
444 166 45
444 324 12
444 336 11
445 682 39
445 472 11
445 463 23
445 183 40
446 560 32
446 457 9
446 632 36
446 172 50
447 294 10
447 511 45
447 490 4
447 487 32
448 648 7
448 632 14
448 556 16
448 462 42
449 300 22
449 218 22
449 727 12
449 213 38
450 394 20
450 193 38
450 312 11
450 333 37
451 100 18
451 237 48
451 365 1
451 150 12
452 526 42
452 320 44
452 596 8
452 646 37
453 32 25
453 510 33
453 595 39
453 112 13
454 163 5
454 709 46
454 658 9
454 539 30
455 24 3
455 340 46
455 586 9
455 57 4
456 610 10
456 76 43
456 570 44
456 348 14
457 409 19
457 555 20
457 361 17
457 724 8
458 595 19
458 502 33
458 36 28
458 604 20
459 729 33
459 29 5
459 505 35
459 372 5
460 591 38
460 280 17
460 254 1
460 230 17
461 429 42
461 522 9
461 445 26
461 683 49
462 8 30
462 661 46
462 258 14
462 110 33
463 567 48
463 224 50
463 127 38
463 339 28
464 285 7
464 127 2
464 58 18
464 313 40
465 127 47
465 381 34
465 121 14
465 159 40
466 399 22
466 137 24
466 515 9
466 276 48
467 605 18
467 300 5
467 80 36
467 362 25
468 111 28
468 358 41
468 722 41
468 250 19
469 215 42
469 369 8
469 491 40
469 559 35
470 649 29
470 39 40
470 218 16
470 717 11
471 474 38
471 520 3
471 445 5
471 624 48
472 476 9
472 415 32
472 404 3
472 270 38
473 590 8
473 701 8
473 729 1
473 73 32
474 427 36
474 289 45
474 533 27
474 54 41
475 371 26
475 466 36
475 253 42
475 315 39
476 203 37
476 588 9
476 434 6
476 304 50
477 404 27
477 326 13
477 377 36
477 350 20
478 700 3
478 91 27
478 40 24
478 296 0
479 517 28
479 608 47
479 175 49
479 515 14
480 324 48
480 527 10
480 216 11
480 25 50
481 107 34
481 469 11
481 655 18
481 480 39
482 269 45
482 229 26
482 532 48
482 235 19
483 243 40
483 6 15
483 598 21
483 696 5
484 252 27
484 692 32
484 210 19
484 337 30
485 133 12
485 286 46
485 201 37
485 206 15
486 691 21
486 151 43
486 376 9
486 701 50
487 286 34
487 66 2
487 560 16
487 687 16
488 79 39
488 248 25
488 484 43
488 463 1
489 175 20
489 554 45
489 96 43
489 357 26
490 628 21
490 231 8
490 534 0
490 2 11
491 676 33
491 129 26
491 307 3
491 131 44
492 611 22
492 703 1
492 596 9
492 57 45
493 492 46
493 637 41
493 260 50
493 43 16
494 77 7
494 122 36
494 1 32
494 596 46
495 554 36
495 351 35
495 234 43
495 668 4
496 341 41
496 624 2
496 473 34
496 7 33
497 562 49
497 714 50
497 289 12
497 412 50
498 404 47
498 294 47
498 290 50
498 306 36
499 466 16
499 352 35
499 411 31
499 653 10
500 629 9
500 306 28
500 298 21
500 137 12
501 579 18
501 468 44
501 654 21
501 50 8
502 7 4
502 29 17
502 258 15
502 413 12
503 217 25
503 458 16
503 402 3
503 441 42
504 595 20
504 54 33
504 517 37
504 195 21
505 651 15
505 285 28
505 46 31
505 312 48
506 224 45
506 38 33
506 587 50
506 368 23
507 178 38
507 499 25
507 138 8
507 123 24
508 694 38
508 335 5
508 556 37
508 212 18
509 719 4
509 92 40
509 258 8
509 105 40
510 700 12
510 503 35
510 687 43
510 238 12
511 705 5
511 350 36
511 465 34
511 298 3
512 710 6
512 241 42
512 645 39
512 143 32
513 98 26
513 519 47
513 605 10
513 148 1
514 410 24
514 155 22
514 372 16
514 447 42
515 647 32
515 49 12
515 484 29
515 575 18
516 156 20
516 442 17
516 75 50
516 264 34
517 86 44
517 168 25
517 592 32
517 359 46
518 390 48
518 149 50
518 408 36
518 504 18
519 221 45
519 408 18
519 171 7
519 226 3
520 173 47
520 275 43
520 429 39
520 6 16
521 511 25
521 716 33
521 50 29
521 318 2
522 206 4
522 227 31
522 471 2
522 383 46
523 323 48
523 248 30
523 638 22
523 560 11
524 170 5
524 693 7
524 131 41
524 655 41
525 422 12
525 280 35
525 569 25
525 36 48
526 27 13
526 253 10
526 457 5
526 567 18
527 231 21
527 665 26
527 341 37
527 478 41
528 310 43
528 473 37
528 625 26
528 357 39
529 163 22
529 708 27
529 384 1
529 69 27
530 662 21
530 216 14
530 595 24
530 471 28
531 45 20
531 613 46
531 213 30
531 693 35
532 703 5
532 47 9
532 122 30
532 677 11
533 137 23
533 322 15
533 214 7
533 17 31
534 28 24
534 224 1
534 681 24
534 130 9
535 360 26
535 9 34
535 30 18
535 311 5
536 644 15
536 658 14
536 39 0
536 621 27
537 549 34
537 485 33
537 345 3
537 567 44
538 292 45
538 471 38
538 76 9
538 662 19
539 374 21
539 239 41
539 587 7
539 290 35
540 67 45
540 30 19
540 595 49
540 617 3
541 245 1
541 569 50
541 628 14
541 143 19
542 616 7
542 544 48
542 622 25
542 45 30
543 617 39
543 661 27
543 97 40
543 709 23
544 278 19
544 379 25
544 155 24
544 607 47
545 18 46
545 610 14
545 516 26
545 405 4
546 110 34
546 226 8
546 84 50
546 410 37
547 109 38
547 26 35
547 603 23
547 620 16
548 418 11
548 365 17
548 257 14
548 494 38
549 686 12
549 222 36
549 414 14
549 676 45
550 59 27
550 695 8
550 166 5
550 708 3
551 625 2
551 86 9
551 216 0
551 235 30
552 231 22
552 225 9
552 583 22
552 504 24
553 64 24
553 417 26
553 365 18
553 710 27
554 126 11
554 521 16
554 679 49
554 396 38
555 431 43
555 529 6
555 183 31
555 308 50
556 67 3
556 318 26
556 383 36
556 673 49
557 252 5
557 287 33
557 672 41
557 729 33
558 691 13
558 432 7
558 309 0
558 54 41
559 431 19
559 470 40
559 552 35
559 603 3
560 260 31
560 399 19
560 584 34
560 85 23
561 419 30
561 393 8
561 474 47
561 3 40
562 587 35
562 626 42
562 114 21
562 112 38
563 100 19
563 496 1
563 321 23
563 587 41
564 439 33
564 342 1
564 334 32
564 405 5
565 339 46
565 729 37
565 699 15
565 491 17
566 90 29
566 657 32
566 136 8
566 702 43
567 315 6
567 6 20
567 162 43
567 303 31
568 728 12
568 144 41
568 496 8
568 270 47
569 465 30
569 642 38
569 347 37
569 212 34
570 44 0
570 161 26
570 637 21
570 237 18
571 409 18
571 520 1
571 282 30
571 154 36
572 504 50
572 542 14
572 695 6
572 92 18
573 469 8
573 331 33
573 136 19
573 569 47
574 589 28
574 395 3
574 718 36
574 551 19
575 357 18
575 150 36
575 560 35
575 393 38
576 664 49
576 319 28
576 271 8
576 99 10
577 664 8
577 154 31
577 493 30
577 588 12
578 277 17
578 510 25
578 502 15
578 265 21
579 82 23
579 5 48
579 332 19
579 206 15
580 375 16
580 530 48
580 170 6
580 368 8
581 545 6
581 518 18
581 503 50
581 459 29
582 494 25
582 512 8
582 446 8
582 726 45
583 147 22
583 591 40
583 70 9
583 54 38
584 321 33
584 165 44
584 248 34
584 568 15
585 360 33
585 491 41
585 418 50
585 145 42
586 456 7
586 526 30
586 535 5
586 107 28
587 374 32
587 309 48
587 429 46
587 134 49
588 368 6
588 413 21
588 692 37
588 178 32
589 159 43
589 32 25
589 713 13
589 3 13
590 681 22
590 70 46
590 319 33
590 657 31
591 458 20
591 599 16
591 245 4
591 382 6
592 333 19
592 580 14
592 454 49
592 644 1
593 14 14
593 679 32
593 701 13
593 317 1
594 247 2
594 245 20
594 374 8
594 24 6
595 8 5
595 106 45
595 72 1
595 439 43
596 598 32
596 641 18
596 312 42
596 231 37
597 600 29
597 374 1
597 25 33
597 156 34
598 222 9
598 10 24
598 185 34
598 42 8
599 543 17
599 7 5
599 538 32
599 375 10
600 27 3
600 112 11
600 534 3
600 720 32
601 411 48
601 195 5
601 586 48
601 28 1
602 728 13
602 234 0
602 551 18
602 643 8
603 63 35
603 156 11
603 17 40
603 607 12
604 30 37
604 454 33
604 586 25
604 320 33
605 541 15
605 96 45
605 407 17
605 306 31
606 231 2
606 83 27
606 239 11
606 609 11
607 419 39
607 112 39
607 502 14
607 408 31
608 678 17
608 298 43
608 62 8
608 398 9
609 705 2
609 638 18
609 208 0
609 237 19
610 441 45
610 249 12
610 623 42
610 668 4
611 74 22
611 605 7
611 498 3
611 264 48
612 148 37
612 432 10
612 700 10
612 600 18
613 500 41
613 146 24
613 683 41
613 444 31
614 360 33
614 298 40
614 26 17
614 184 41
615 487 1
615 433 17
615 620 43
615 674 35
616 490 15
616 8 6
616 398 45
616 625 35
617 479 30
617 297 13
617 140 39
617 615 21
618 20 36
618 310 48
618 295 34
618 612 14
619 540 37
619 398 47
619 521 1
619 7 31
620 337 43
620 687 9
620 507 12
620 226 23
621 657 19
621 143 15
621 381 7
621 603 38
622 225 40
622 615 26
622 172 22
622 659 37
623 687 41
623 173 4
623 502 10
623 218 18
624 622 32
624 85 22
624 109 23
624 556 16
625 583 32
625 704 42
625 96 20
625 278 18
626 694 33
626 562 19
626 427 47
626 429 9
627 190 47
627 520 0
627 672 7
627 514 18
628 434 44
628 628 6
628 244 23
628 637 35
629 612 11
629 336 29
629 118 7
629 182 45
630 497 26
630 588 26
630 255 34
630 46 27
631 685 34
631 414 26
631 253 19
631 696 45
632 393 11
632 76 24
632 373 43
632 311 20
633 675 25
633 93 46
633 248 38
633 255 39
634 390 24
634 38 0
634 113 45
634 416 50
635 357 32
635 653 24
635 463 31
635 5 0
636 659 41
636 159 17
636 495 23
636 88 2
637 198 13
637 588 37
637 203 40
637 345 37
638 699 9
638 114 47
638 269 0
638 275 2
639 495 43
639 321 19
639 211 37
639 463 9
640 121 36
640 56 31
640 524 16
640 538 30
641 183 38
641 686 2
641 274 25
641 390 45
642 372 7
642 231 28
642 178 6
642 526 29
643 426 39
643 285 13
643 404 44
643 614 7
644 158 49
644 112 42
644 157 35
644 679 39
645 719 10
645 329 43
645 412 39
645 473 35
646 340 22
646 44 27
646 550 33
646 496 34
647 161 7
647 211 41
647 308 34
647 361 44
648 403 23
648 26 4
648 501 12
648 611 45
649 572 43
649 5 3
649 205 2
649 617 0
650 15 28
650 155 37
650 543 19
650 151 34
651 136 8
651 495 6
651 513 17
651 530 14
652 241 7
652 555 16
652 219 41
652 369 33
653 544 6
653 111 44
653 657 46
653 587 4
654 223 1
654 500 22
654 417 22
654 410 21
655 716 19
655 496 42
655 15 24
655 316 37
656 447 11
656 347 38
656 444 27
656 372 24
657 333 23
657 306 49
657 137 39
657 539 17
658 261 17
658 579 11
658 394 34
658 570 0
659 164 2
659 348 0
659 368 48
659 525 32
660 647 14
660 563 28
660 446 21
660 220 36
661 488 46
661 654 40
661 358 20
661 429 36
662 163 34
662 112 46
662 394 38
662 497 3
663 584 29
663 663 50
663 604 0
663 485 47
664 666 29
664 360 11
664 145 18
664 192 37
665 182 36
665 673 2
665 623 50
665 346 7
666 234 19
666 722 3
666 117 17
666 155 13
667 409 49
667 670 44
667 296 14
667 60 29
668 414 0
668 686 22
668 473 7
668 481 23
669 135 37
669 214 11
669 48 33
669 144 30
670 716 44
670 569 29
670 494 18
670 729 10
671 492 23
671 76 26
671 180 39
671 701 29
672 649 4
672 672 13
672 102 24
672 533 40
673 530 49
673 154 29
673 293 42
673 394 4
674 626 40
674 297 4
674 8 37
674 584 6
675 276 16
675 269 2
675 37 47
675 672 44
676 723 50
676 398 45
676 282 47
676 400 8
677 144 27
677 239 31
677 681 46
677 153 29
678 561 17
678 225 49
678 529 11
678 37 8
679 92 1
679 15 19
679 151 29
679 485 1
680 218 25
680 275 19
680 545 49
680 47 27
681 59 13
681 442 32
681 274 5
681 620 31
682 364 20
682 166 43
682 710 25
682 196 29
683 356 35
683 561 8
683 474 17
683 526 1
684 148 4
684 245 25
684 236 48
684 152 43
685 25 1
685 371 6
685 715 4
685 677 9
686 145 26
686 153 35
686 476 29
686 544 27
687 148 27
687 535 42
687 78 44
687 437 21
688 342 43
688 543 42
688 552 5
688 616 6
689 640 46
689 660 49
689 544 44
689 615 44
690 102 17
690 698 34
690 257 48
690 630 15
691 129 24
691 353 2
691 616 6
691 466 38
692 600 0
692 280 9
692 316 4
692 481 15
693 475 31
693 670 34
693 302 20
693 712 37
694 444 7
694 201 38
694 148 21
694 491 7
695 313 25
695 691 40
695 639 49
695 42 6
696 190 47
696 355 6
696 240 48
696 164 22
697 262 49
697 241 6
697 118 49
697 354 16
698 152 20
698 493 6
698 20 36
698 263 15
699 111 40
699 331 41
699 584 33
699 114 29
700 652 6
700 395 26
700 120 28
700 103 27
701 274 24
701 88 20
701 12 40
701 407 38
702 446 34
702 638 40
702 287 23
702 613 3
703 547 7
703 576 27
703 705 18
703 665 37
704 3 13
704 432 0
704 183 13
704 611 33
705 103 38
705 531 19
705 468 49
705 156 32
706 514 9
706 67 1
706 296 32
706 6 38
707 547 25
707 70 39
707 151 5
707 279 35
708 719 5
708 26 22
708 433 13
708 453 42
709 155 3
709 33 11
709 144 24
709 291 3
710 362 16
710 621 40
710 631 34
710 500 33
711 540 23
711 667 27
711 186 16
711 295 31
712 369 31
712 418 24
712 573 6
712 572 32
713 229 16
713 233 15
713 497 35
713 687 36
714 78 28
714 135 22
714 231 42
714 422 5
715 459 37
715 217 29
715 204 16
715 618 31
716 179 43
716 374 2
716 85 43
716 360 8
717 321 29
717 221 40
717 466 20
717 437 11
718 639 2
718 346 48
718 576 41
718 196 24
719 288 10
719 400 49
719 141 18
719 298 20
720 73 26
720 267 41
720 451 15
720 545 27
721 435 24
721 694 6
721 258 37
721 80 13
722 227 4
722 445 34
722 47 8
722 197 4
723 130 44
723 348 1
723 441 50
723 483 4
724 137 50
724 145 11
724 592 13
724 418 18
725 8 45
725 641 1
725 512 38
725 684 1
726 720 30
726 500 8
726 479 18
726 18 18
727 211 45
727 179 18
727 518 11
727 122 46
728 468 39
728 316 25
728 700 44
728 567 13
729 20 15
729 655 23
729 185 20
729 497 35
